mean_models/J1_mean__temp2_slide_5.dat.tif
NCOLS 118
NROWS 92
XLLCORNER 139.62
YLLCORNER -39.07
DX 0.099491525
DY 0.099347826
NODATA_VALUE -9999
[rows 27 to 53 of 92, columns 0 to 59 of 118]
-9999 66.733435 66.290617 65.815858 65.150896 64.485933 63.820971 63.233087 62.734162 62.235236 61.736311 61.531996 61.408528 61.380745 61.544574 61.708404 61.872233 61.96824 62.037055 62.280712 62.927739 63.574765 63.951284 64.294696 64.638107 65.23589 66.515453 67.795015 69.074577 69.388571 69.313531 69.109528 68.656925 68.204323 67.908639 67.617753 67.326866 67.058405 66.822027 66.585649 66.349271 66.30502 66.279117 66.494326 66.882867 67.271408 67.587061 67.467671 67.348281 67.26752 67.193434 67.119349 67.559282 68.568055 69.44688 69.875582 70.304284 70.732986 71.549351 72.436247
-9999 66.565812 66.0253 65.360337 64.695375 64.030413 63.365451 62.777567 62.278641 61.779716 61.28079 60.781865 60.466415 60.438632 60.602461 60.76629 60.93012 61.093949 61.216061 61.459719 62.056434 62.399845 62.743257 63.086669 63.43008 64.027863 65.307425 66.586988 67.86655 69.146112 69.803506 69.599503 69.183098 68.892212 68.601326 68.310439 68.019553 67.751092 67.514714 67.278336 67.041958 66.80558 66.712443 66.927652 67.316193 67.704733 68.093274 68.481814 68.396718 68.315956 68.241871 68.167785 68.093699 68.328141 69.206966 69.635668 70.06437 70.493072 70.921774 71.651188
-9999 66.306542 65.64158 64.976617 64.311655 63.646693 62.981731 62.358359 61.859433 61.360508 60.861582 60.362657 59.863731 59.606531 59.77036 59.93419 60.098019 60.261848 60.425678 60.64381 60.987222 61.330633 61.674045 62.017456 62.360868 62.937839 64.217401 65.496963 66.776526 68.056088 69.33565 70.078798 69.787912 69.497026 69.20614 68.915253 68.624367 68.321472 68.085093 67.848715 67.612337 67.375959 67.139581 67.273151 67.661691 68.050232 68.438772 68.827313 69.215854 69.18606 69.111975 69.037889 68.963803 68.889718 69.027015 69.455717 69.884419 70.31312 70.741822 71.170524
-9999 66.513904 65.848942 65.183979 64.519017 63.854055 63.284717 62.587071 61.739159 61.240233 60.741308 60.242382 59.743457 59.515904 59.831789 60.007749 60.171579 60.335408 60.499237 60.71737 61.060781 61.404193 61.747605 62.091016 62.902321 63.767366 64.198552 65.37838 66.657942 67.937505 69.217067 69.960215 69.669329 69.378443 69.087556 68.79667 68.376434 67.974356 67.648597 67.412219 67.175841 66.939463 66.703085 66.858598 67.284169 67.67271 68.061251 68.449791 68.838332 68.674422 68.513985 68.4399 68.365814 68.291728 68.501936 69.6969 70.198104 70.626806 71.055508 71.48421
-9999 66.721266 66.056304 65.391342 64.747254 64.18847 63.629687 62.932041 62.07413 61.21622 60.621034 60.122108 59.623183 59.395629 59.711515 60.027401 60.245138 60.408968 60.572797 60.790929 61.134341 61.477753 61.821164 62.820263 63.847182 64.712227 65.143414 65.5746 66.539359 67.818921 69.098484 69.841632 69.550746 69.259859 68.960217 68.507784 68.05535 67.653272 67.323235 66.993198 66.739345 66.502966 66.266588 66.422102 66.859341 67.295188 67.683729 68.072269 68.46081 68.2969 68.037511 67.84191 67.767825 67.693739 67.903946 69.098911 70.293875 70.940491 71.369193 71.797895
-9999 66.928628 66.263666 65.651007 65.092223 64.53344 63.974656 63.27701 62.4191 61.561189 60.703279 60.001834 59.502908 59.275355 59.591241 59.907126 60.223012 60.482527 60.646357 60.864489 61.207901 61.711288 62.738206 63.765125 64.792043 65.657089 66.088275 66.519461 66.950647 67.700338 68.9799 69.723049 69.432162 69.091567 68.639134 68.1867 67.734267 67.332189 67.002151 66.672114 66.342076 66.06647 65.830092 65.985605 66.422844 66.860083 67.297323 67.694748 68.083288 67.919378 67.65999 67.400601 67.169835 67.09575 67.305957 68.500921 69.695886 70.89085 71.682879 72.111581
-9999 67.13599 66.55476 65.995976 65.437193 64.878409 64.319626 63.62198 62.764069 61.906159 61.048248 60.190338 59.382634 59.155081 59.470966 59.786852 60.102738 60.418623 60.719916 60.938049 61.629231 62.656149 63.683067 64.709986 65.736904 66.60195 67.033136 67.464322 67.895508 68.326694 68.861317 69.604465 69.222917 68.770483 68.31805 67.865616 67.413183 67.011105 66.681068 66.35103 66.020993 65.690955 65.393596 65.549109 65.986348 66.423587 66.860826 67.298065 67.705767 67.541856 67.282468 67.023079 66.763691 66.504302 66.707968 67.902932 69.097896 70.292861 71.487825 72.425266
-9999 67.50455 66.945767 66.386983 65.828199 65.269416 64.710632 63.789958 62.919152 62.061242 61.203331 60.345421 59.48751 59.422577 59.929895 60.245781 60.561667 60.877552 61.193438 61.724329 62.751247 63.778166 64.805084 65.832003 66.858921 67.158398 67.570234 68.00142 68.432606 68.863793 69.294979 69.424349 68.971916 68.519482 68.067049 67.614615 67.162182 66.875983 66.533355 66.203317 65.87328 65.543242 65.213205 65.005335 65.442574 65.879813 66.317053 66.754292 67.191531 67.200449 66.94106 66.681672 66.422283 66.162894 66.078109 67.114574 68.309538 69.504502 70.699467 71.894431
-9999 67.971485 67.412701 66.853918 66.295134 65.704714 65.036163 64.111543 62.891385 61.903149 61.045238 60.187328 59.329417 59.264484 60.787534 61.659976 61.975861 62.291747 62.607633 63.138524 64.165442 65.19236 66.219279 67.173809 67.100848 67.140041 67.479829 67.866005 68.297191 68.728377 69.159563 69.288934 68.8365 68.384067 67.931633 67.550773 67.505918 67.262576 66.735271 66.34154 66.011503 65.681465 65.351428 65.063921 64.806988 65.15911 65.596349 66.033588 66.470827 66.621907 66.659215 66.399826 66.140438 65.881049 65.796264 66.316285 67.207209 68.402173 69.597138 70.792102
-9999 68.43842 67.879636 67.320853 66.694849 66.026298 65.357748 64.433128 63.21297 61.992812 60.887146 60.029235 59.171325 59.106392 60.629441 62.15249 63.390056 63.705942 64.021827 64.552718 65.579637 66.606555 67.228412 67.155451 67.082491 67.121683 67.461472 67.80126 68.161776 68.592962 69.024148 69.153519 68.701085 68.248652 67.982221 67.937366 67.89251 67.649168 67.121863 66.594558 66.149726 65.819688 65.489651 65.202144 64.945211 64.688279 64.875645 65.312884 65.750123 65.901203 66.002826 66.10445 65.858592 65.599203 65.514419 66.034439 66.55446 67.299844 68.494809 69.689773
-9999 68.905354 68.346571 67.684984 67.016433 66.347883 65.679332 64.754712 63.534555 62.314397 61.09424 59.874082 59.013232 58.948299 60.471348 61.994398 63.517447 65.040497 65.436022 65.966913 66.993832 67.283014 67.210054 67.137093 67.064133 67.103325 67.443114 67.782903 68.122692 68.46248 68.888733 69.018103 68.56567 68.41367 68.368814 68.323959 68.279103 68.035761 67.508456 66.981151 66.453846 65.957911 65.627874 65.340367 65.083435 64.826502 64.56957 64.592181 65.02942 65.180499 65.282123 65.383746 65.48537 65.317358 65.232573 65.752594 66.272615 66.792636 67.39248 68.587444
-9999 69.343669 68.675119 68.006568 67.338018 66.669467 66.000917 65.076297 63.856139 62.635982 61.415824 60.195667 58.975509 58.790206 60.313256 61.836305 63.359355 64.882404 66.405453 67.381108 67.337617 67.264657 67.191696 67.118736 67.045775 67.084967 67.424756 67.764545 68.104334 68.444123 68.783912 68.889973 68.845118 68.800262 68.755407 68.710551 68.665696 68.422354 67.895049 67.367744 66.840438 66.313133 65.785828 65.47859 65.221658 64.964725 64.707793 64.45086 64.308716 64.459796 64.561419 64.663042 64.764666 64.866289 64.950728 65.470748 65.990769 66.51079 67.030811 67.550832
-9999 69.488694 68.820143 68.151593 67.483042 66.814492 66.479108 65.947896 64.727739 63.507581 62.287424 61.067266 60.053652 59.964055 61.083152 62.606202 64.129251 65.652301 67.17535 68.21579 68.142829 68.069869 67.996909 67.923948 67.569526 67.017762 67.977233 68.317022 68.65681 68.996599 69.336388 69.544795 69.49994 69.455084 69.410229 69.365373 69.053953 68.384815 67.85751 67.330205 66.8029 66.275595 65.833276 65.824644 65.740598 65.483666 65.226733 64.969801 64.712868 64.761655 64.863279 64.964902 65.066526 65.201768 65.594128 66.114149 66.634169 67.15419 67.674211 67.660055
-9999 69.574003 68.905453 68.236902 67.568352 67.471 67.53673 67.005519 65.785361 64.565204 63.345046 62.539011 61.959187 61.869589 62.761696 63.689957 65.213006 66.736056 68.259105 69.299545 69.226585 69.153624 69.080664 68.378772 67.157016 66.605252 67.849233 69.062562 69.402351 69.74214 70.081929 70.290336 70.24548 70.200625 70.155769 69.641244 68.872967 68.203829 67.676524 67.149219 66.621914 66.221721 65.857033 65.848401 66.095733 66.13137 65.874438 65.617505 65.360573 65.40936 65.510983 65.612607 65.802594 66.158099 66.550458 67.070479 67.5905 68.110521 67.86773 67.327456
-9999 69.659313 68.990762 68.397164 68.462893 68.528623 68.594352 68.063141 66.842984 65.622826 65.024369 64.444545 63.864721 63.775124 64.667231 65.559338 66.451446 67.819811 69.34286 70.3833 70.31034 70.237379 69.188019 67.966263 66.744507 66.192743 67.436724 68.680705 69.924687 70.487681 70.827469 71.035876 70.991021 70.946165 70.228535 69.460258 68.691981 68.022843 67.495538 66.974854 66.610166 66.245478 65.88079 65.872158 66.11949 66.366823 66.522143 66.26521 66.008278 66.057064 66.158688 66.403421 66.758925 67.11443 67.506789 68.02681 68.546831 68.075406 67.535131 66.994857
-9999 69.744622 69.389056 69.454786 69.520516 69.586245 69.651975 69.120764 68.08955 67.509727 66.929903 66.35008 65.770256 65.680658 66.572765 67.464873 68.35698 69.249087 70.426616 71.467056 71.219021 69.997265 68.775509 67.553753 66.331998 65.780233 67.024215 68.268196 69.512177 70.756159 71.57301 71.781417 71.584103 70.815826 70.047549 69.279272 68.510995 67.841858 67.363299 66.998611 66.633923 66.269235 65.904547 65.895915 66.143248 66.39058 66.637912 66.885245 66.655982 66.704769 67.004247 67.359751 67.715256 68.070761 68.46312 68.823356 68.283081 67.742806 67.202532 66.662257
-9999 70.434512 70.500242 70.565971 70.631701 70.697431 70.76316 70.345447 69.765624 69.1858 68.605976 68.026153 67.446329 67.245673 68.137781 69.029888 69.921995 70.814103 71.70621 71.959117 70.737361 69.515605 68.293849 67.072093 65.850337 65.289021 66.533002 67.776984 69.020965 70.264946 71.508928 72.065587 71.29731 70.529033 69.760756 68.99248 68.224203 67.886771 67.522083 67.157395 66.792707 66.428019 66.063331 66.099142 66.346475 66.593807 66.84114 67.088472 67.335805 67.625853 67.981358 68.336862 68.692367 69.047871 69.209483 68.669209 68.128934 67.58866 67.048385 66.508111
-9999 71.949672 72.015402 72.081131 72.146861 72.212591 70.619885 69.69355 69.711088 69.131264 68.551441 67.971617 67.391794 67.054342 67.202252 68.026686 68.918794 69.810901 70.703008 70.955915 69.734159 68.512403 67.290647 66.068891 65.490505 65.339009 65.577451 66.69219 67.936171 69.180153 70.424134 70.980794 70.212517 69.44424 68.675963 67.907686 67.345126 67.541197 68.699249 68.334561 67.969873 67.605185 67.240497 67.414242 67.903276 68.150609 68.397941 68.645274 68.892606 68.929053 69.115191 69.470696 69.8262 70.181705 70.347442 69.855847 69.320685 68.780411 68.240136 67.699862
-9999 73.464832 73.530562 73.596291 73.283866 71.531021 69.778177 68.851842 68.879406 68.90697 68.496905 67.917082 67.337258 66.999806 67.147717 67.295627 67.915592 68.807699 69.699807 69.952713 68.730957 67.509201 66.287446 65.963143 65.66616 65.514664 65.753107 65.991549 66.851377 68.095359 69.33934 69.896 69.127723 68.359446 67.607687 67.09286 66.578034 66.774105 67.987215 69.200326 69.147039 68.782351 68.417663 68.591408 69.152226 69.70741 69.954743 70.202075 70.449408 70.485855 70.485855 70.604529 70.960034 71.315538 71.481275 70.98968 70.498086 69.972162 69.431887 68.891613
-9999 74.979992 75.045722 74.195003 72.442158 70.689313 68.936468 68.010133 68.037697 68.065261 68.092825 67.862546 67.282722 66.94527 67.093181 67.241092 67.389003 67.804498 68.696605 68.949512 67.727756 66.732762 66.43578 66.138798 65.841816 65.69032 65.928762 66.167204 66.405647 67.010565 68.254546 68.811206 68.042929 67.355421 66.840595 66.325768 65.810942 66.007013 67.220123 68.433234 69.646344 69.959517 69.594829 69.768574 70.329393 70.890211 71.451029 71.758877 72.006209 72.042656 72.042656 72.042656 72.093867 72.449372 72.615109 72.123514 71.631919 71.140324 70.623639 70.083364
-9999 76.495152 75.106139 73.353294 71.600449 69.847604 68.094759 67.168425 67.195989 67.223553 67.251117 67.278681 67.228187 66.890735 67.038645 67.186556 67.334467 67.482378 67.693403 67.94631 67.2054 66.908418 66.611436 66.314453 66.017471 65.865975 66.104417 66.34286 66.581302 66.819745 67.169753 67.726412 67.103156 66.588329 66.073503 65.558676 65.04385 65.239921 66.453031 67.666142 68.879252 70.092362 70.771995 70.945741 71.506559 72.067377 72.628195 73.189013 73.563011 73.599458 73.599458 73.599458 73.599458 73.599458 73.748942 73.257347 72.765753 72.274158 71.782563 71.275115
-9999 75.815925 74.06308 72.310235 70.55739 68.804545 67.0517 67.055529 67.083093 67.110657 67.138221 67.165785 67.193349 67.209389 67.193013 67.340923 67.488834 67.636745 67.784656 67.798037 67.501055 67.204073 66.907091 66.610109 66.313126 65.639393 65.817878 66.056321 66.294763 66.533205 66.771648 66.752798 66.237972 65.723145 65.208319 64.693492 64.178666 65.286483 66.499593 67.712704 68.925814 70.138925 71.286092 71.616 72.176818 72.737636 73.298454 73.859272 74.42009 74.502732 74.502732 74.502732 74.502732 74.502732 74.266838 73.775243 73.283648 72.792054 72.300459 71.817684
-9999 74.452873 72.700028 70.947183 69.194338 68.047514 68.073937 68.100889 68.128453 68.156017 68.183581 68.311466 68.818057 68.903159 68.144205 67.827286 67.975197 68.123108 68.271018 68.2844 67.987418 67.690436 67.393454 66.993195 65.816044 64.953893 64.936018 65.035246 65.273688 65.512131 65.750573 65.731723 65.216897 64.70207 64.187244 64.080418 65.368749 66.626133 67.839244 69.052354 70.265464 71.172558 71.549253 71.849775 72.095537 72.602302 73.16312 73.723938 74.284756 74.367398 74.367398 74.367398 74.367398 74.11934 73.805864 73.314269 72.822675 72.33108 71.876714 71.502199
-9999 73.089821 71.336976 69.584131 69.066452 69.092874 69.119296 69.146249 69.173813 69.201377 69.498645 70.005236 70.511827 70.596929 69.837975 69.07902 68.46156 68.60947 68.757381 68.770763 68.473781 68.176799 67.484846 66.307695 65.130544 64.268393 64.250518 64.232644 64.252613 64.491056 64.729498 64.710648 64.195822 63.680996 64.131737 65.420068 66.708399 67.965783 69.178894 70.392004 71.059024 71.435719 71.812415 72.112937 72.358698 72.60446 73.027787 73.588605 74.149423 74.232064 74.232064 74.182473 73.920419 73.658366 73.34489 72.853295 72.361701 71.935744 71.561229 71.186715
-9999 71.726769 70.058967 70.085389 70.111812 70.138234 70.164656 70.191609 70.219173 70.685823 71.192415 71.699006 72.205597 72.290699 71.531745 70.77279 70.013836 69.254881 69.243744 69.257126 68.960144 67.976496 66.799346 65.622195 64.445044 63.582893 63.565018 63.547144 63.529269 63.511394 63.708423 63.689574 63.174747 64.183057 65.471388 66.759718 68.048049 69.305434 70.518544 70.94549 71.322185 71.698881 72.075576 72.376098 72.621859 72.867621 73.113382 73.453271 74.014089 74.096731 73.983552 73.721499 73.459445 73.197392 72.883916 72.392321 71.994774 71.620259 71.245745 70.87123
-9999 71.077905 71.104327 71.130749 71.157172 71.183594 71.210016 71.366411 71.873002 72.379593 72.886185 73.392776 73.899367 73.984469 73.225515 72.46656 71.707606 70.948651 70.189697 69.645297 68.468147 67.290996 66.113846 64.936695 63.759544 62.897393 62.879518 62.861644 62.843769 62.825894 62.808019 62.946045 64.234376 65.522707 66.811038 68.099369 69.3877 70.45526 70.831955 71.208651 71.585346 71.962042 72.338737 72.639259 72.885021 73.130782 73.376544 73.622305 73.878755 73.784632 73.522578 73.260525 72.998471 72.736418 72.428318 72.053804 71.679289 71.304775 70.93026 70.555746
-9999 71.281572 71.307995 71.334417 71.360839 71.387262 71.705413 72.215849 72.722441 73.229032 73.735623 74.242214 74.277498 74.244258 74.787646 74.028691 73.269737 72.510782 71.751828 70.866417 69.689267 68.512116 67.334965 66.157815 65.360097 64.907949 63.969275 63.9514 63.933525 63.91565 63.897776 64.326058 65.614389 66.90272 68.191051 69.479382 70.453638 71.003445 71.38014 71.756836 72.133531 72.510227 72.666372 72.769839 72.968438 73.2142 73.459961 73.705723 73.951484 73.764262 73.502209 73.240155 72.978101 72.654368 72.186796 71.812282 71.437767 71.063252 70.688738 71.240697
