mean_models/J1_mean_tot_conduct_slide_257.29.dat.tif
NCOLS 118
NROWS 92
XLLCORNER 139.62
YLLCORNER -39.07
DX 0.099491525
DY 0.099347826
NODATA_VALUE -9999
[rows 52 to 77 of 92, columns 0 to 57 of 118]
-2.3118355 -2.3222918 -2.3173172 -2.2552102 -2.1509809 -2.0749614 -2.0301902 -1.9864087 -1.9437695 -1.9152536 -1.9152536 -1.9065246 -1.8866263 -1.8766686 -1.8866178 -1.9029907 -1.9328381 -1.9726219 -2.0372914 -2.1019609 -2.1666304 -2.2399613 -2.324529 -2.396474 -2.4362706 -2.4762116 -2.5060591 -2.5111904 -2.4465209 -2.4026316 -2.4131044 -2.42 -2.42 -2.4608556 -2.5812927 -2.6509493 -2.6509493 -2.6509493 -2.6509493 -2.5800171 -2.4386344 -2.3770551 -2.3720805 -2.3679029 -2.3626665 -2.4031794 -2.4660162 -2.4609894 -2.4349851 -2.4006452 -2.36334 -2.2819484 -2.1992967 -2.149551 -2.1039109 -2.0724925 -2.0493034 -2.044067
-2.3431784 -2.3536346 -2.34866 -2.2856037 -2.1785451 -2.104756 -2.065903 -2.0221216 -1.9794823 -1.9589497 -1.9731929 -1.9663624 -1.9464641 -1.9381633 -1.9517749 -1.964936 -1.9873567 -2.0265347 -2.0874399 -2.149101 -2.2061403 -2.2766234 -2.3576967 -2.4196924 -2.4516555 -2.4860454 -2.5079576 -2.513089 -2.4484195 -2.4013158 -2.4077851 -2.4146807 -2.4146807 -2.454587 -2.5727334 -2.6393614 -2.6393614 -2.6393614 -2.6393614 -2.5684292 -2.4270465 -2.3693614 -2.3667612 -2.3585879 -2.3510786 -2.3880724 -2.449109 -2.4480742 -2.4232196 -2.3881081 -2.3514533 -2.2752981 -2.1932118 -2.1486017 -2.1029616 -2.0715433 -2.0450624 -2.0324792
-2.3777085 -2.391712 -2.3867375 -2.3209088 -2.2119419 -2.1609788 -2.1261568 -2.0860754 -2.0434362 -1.9951861 -2.0150844 -2.0213217 -2.0014234 -1.9931225 -2.0080462 -2.021364 -2.0412133 -2.067332 -2.1267255 -2.1788992 -2.2331148 -2.2936487 -2.3682673 -2.4402736 -2.4698931 -2.4943338 -2.5136746 -2.5088569 -2.4435282 -2.3951087 -2.4000304 -2.4051087 -2.4051087 -2.44328 -2.5584807 -2.603913 -2.603913 -2.603913 -2.603913 -2.5509156 -2.4095329 -2.3502174 -2.3502174 -2.3457551 -2.3352823 -2.3738197 -2.43142 -2.4291408 -2.4081952 -2.3754858 -2.338831 -2.2724584 -2.1948692 -2.1492039 -2.1066799 -2.0748041 -2.0157146 -2.0000054
-2.4303531 -2.446029 -2.446029 -2.3959078 -2.3580062 -2.3192056 -2.279409 -2.2378398 -2.1904629 -2.1387195 -2.07405 -2.0544376 -2.0394751 -2.0328353 -2.0427845 -2.05448 -2.0644291 -2.0872015 -2.1269982 -2.172276 -2.2070981 -2.2605327 -2.3679225 -2.45352 -2.4783928 -2.500957 -2.5109062 -2.5022337 -2.427615 -2.3752391 -2.3752391 -2.3786847 -2.3836592 -2.4234104 -2.4759102 -2.5040982 -2.4991236 -2.497942 -2.497942 -2.4559081 -2.3721258 -2.315787 -2.3108124 -2.3074319 -2.3021663 -2.3444812 -2.4115505 -2.4092712 -2.3883257 -2.3584505 -2.3255846 -2.2790548 -2.221362 -2.1716162 -2.1265495 -2.0898947 -2.0286527 -1.9082155
-2.4603386 -2.4795072 -2.4823205 -2.4622049 -2.4290771 -2.3952563 -2.3576713 -2.3214197 -2.2793977 -2.2259079 -2.1612385 -2.1136452 -2.0987215 -2.0920817 -2.1020308 -2.1087681 -2.1121755 -2.1314552 -2.1670324 -2.1949137 -2.2270245 -2.276605 -2.3847409 -2.4667663 -2.4891314 -2.5027034 -2.5126525 -2.5004873 -2.4247164 -2.3651232 -2.3636942 -2.3619455 -2.3653696 -2.3827201 -2.4313876 -2.4535185 -2.4485439 -2.4456159 -2.4433484 -2.3987052 -2.3176632 -2.282671 -2.2804928 -2.2774464 -2.27221 -2.3162421 -2.3843152 -2.3845249 -2.3635793 -2.3337042 -2.3068638 -2.2609316 -2.2234706 -2.1737249 -2.1269118 -2.090257 -2.0272686 -1.9068315
-2.4799976 -2.5089619 -2.5139364 -2.4993656 -2.4709395 -2.4439788 -2.4091568 -2.3759052 -2.3380036 -2.2891398 -2.2244703 -2.1768771 -2.1619534 -2.1568136 -2.1667627 -2.169 -2.169 -2.1737754 -2.1986483 -2.2205212 -2.2453941 -2.2935212 -2.3979873 -2.4744025 -2.4891314 -2.5013517 -2.5111525 -2.4963856 -2.4165932 -2.3556842 -2.3504478 -2.344 -2.344 -2.3578805 -2.3997716 -2.4144025 -2.409428 -2.4028457 -2.3976093 -2.3600932 -2.2815473 -2.251 -2.251 -2.2494536 -2.2442172 -2.2867493 -2.3548225 -2.3580321 -2.3370865 -2.3131762 -2.2869942 -2.2524371 -2.2155311 -2.1671017 -2.1202886 -2.0836338 -2.0191454 -1.8987083
-2.4932039 -2.525132 -2.5400557 -2.526754 -2.5030655 -2.4788151 -2.4539422 -2.4236662 -2.39524 -2.3484901 -2.278846 -2.2298626 -2.2245497 -2.2228887 -2.2278632 -2.2282909 -2.2133672 -2.2134044 -2.2283281 -2.2470055 -2.2619292 -2.3067676 -2.4112337 -2.4876489 -2.4926235 -2.5013517 -2.5063263 -2.4897624 -2.4051946 -2.3424378 -2.3372014 -2.3303553 -2.3204062 -2.3313877 -2.357995 -2.3668453 -2.3519216 -2.3425827 -2.3321099 -2.2972427 -2.2344059 -2.2060826 -2.2110572 -2.2112609 -2.2111013 -2.2516142 -2.3150833 -2.3232769 -2.3105938 -2.2896482 -2.2671246 -2.2360051 -2.2022847 -2.1580662 -2.1136654 -2.0770106 -2.0123764 -1.8867029
-2.5188126 -2.5555793 -2.5722876 -2.5646163 -2.5431843 -2.5261441 -2.5060437 -2.4817206 -2.4558415 -2.389985 -2.2814982 -2.2340532 -2.2290787 -2.2274176 -2.2323922 -2.2421846 -2.249244 -2.2436508 -2.2585745 -2.271994 -2.2836756 -2.3247603 -2.4045652 -2.4059678 -2.4109423 -2.4132135 -2.4113987 -2.4267801 -2.4317961 -2.3632151 -2.3476869 -2.3374425 -2.3213989 -2.3234217 -2.356475 -2.3690497 -2.3435303 -2.3261291 -2.3104722 -2.2711011 -2.2061451 -2.1863971 -2.1931731 -2.2013464 -2.2047464 -2.1941888 -2.2386176 -2.2535507 -2.2445867 -2.234114 -2.2137316 -2.2066428 -2.1751664 -2.1400735 -2.0975495 -2.0608947 -2.0209482 -1.9417826
-2.5387828 -2.583217 -2.6031153 -2.6016495 -2.5826988 -2.5683978 -2.553474 -2.5372206 -2.5135322 -2.4507386 -2.316425 -2.2237706 -2.2187961 -2.217135 -2.2221096 -2.2305324 -2.2504307 -2.2687739 -2.2836977 -2.2957476 -2.3056968 -2.3113696 -2.3113696 -2.3127721 -2.3177467 -2.3186483 -2.3136737 -2.3217076 -2.3664788 -2.3919977 -2.3710521 -2.3490947 -2.3291964 -2.3260286 -2.3731561 -2.3761439 -2.3413218 -2.3094697 -2.2885241 -2.2425648 -2.1744917 -2.159455 -2.1694042 -2.1837667 -2.1942395 -2.1871164 -2.1717826 -2.1717826 -2.1729785 -2.1655922 -2.1572609 -2.1523233 -2.1475287 -2.1143649 -2.0817886 -2.0451338 -2.0065569 -1.9594293
-2.545406 -2.5907948 -2.6156677 -2.6164262 -2.6069508 -2.5948905 -2.5799668 -2.565373 -2.5511599 -2.4904777 -2.3467125 -2.2502634 -2.2452888 -2.2436278 -2.2486024 -2.2567888 -2.2717125 -2.2886435 -2.2990448 -2.308994 -2.3144716 -2.3179928 -2.3179928 -2.3193953 -2.32 -2.3186483 -2.3136737 -2.3217076 -2.3579425 -2.3787513 -2.3532608 -2.3292251 -2.2906609 -2.2796662 -2.2920444 -2.2832388 -2.2384676 -2.2033516 -2.1771696 -2.13307 -2.0911788 -2.0809145 -2.0958382 -2.1142653 -2.1346308 -2.1320435 -2.1320435 -2.1360129 -2.1464857 -2.1440145 -2.1440145 -2.1420072 -2.1409056 -2.1114454 -2.0817886 -2.049536 -2.0131801 -1.9660525
-2.5481954 -2.6023871 -2.6289141 -2.6336871 -2.6242117 -2.6168717 -2.6064595 -2.5940651 -2.5822686 -2.518567 -2.3685894 -2.2721402 -2.2671656 -2.2655046 -2.2704792 -2.2770597 -2.2889734 -2.300787 -2.3076753 -2.3161202 -2.3210948 -2.3246159 -2.3246159 -2.3232134 -2.32 -2.3186483 -2.3136737 -2.3178051 -2.349312 -2.3661735 -2.3333912 -2.2991606 -2.2535305 -2.2303904 -2.2345136 -2.203287 -2.1509604 -2.1116827 -2.0830391 -2.05423 -2.0163165 -2.0139492 -2.032215 -2.0567348 -2.0808195 -2.0947268 -2.0969203 -2.1128882 -2.1246089 -2.1306169 -2.1307681 -2.14 -2.1394492 -2.1206773 -2.0933666 -2.0653911 -2.030681 -1.9865235
-2.5329593 -2.5929016 -2.6227491 -2.6271074 -2.617632 -2.5991398 -2.5941653 -2.5895796 -2.5801042 -2.5194655 -2.3652537 -2.3056402 -2.3006656 -2.2990046 -2.3039792 -2.3031249 -2.3130741 -2.3214681 -2.3264427 -2.3314173 -2.3363919 -2.3386739 -2.3386739 -2.371967 -2.3669924 -2.3583005 -2.3533259 -2.3574573 -2.3873047 -2.3830938 -2.346439 -2.3003563 -2.2506105 -2.2076821 -2.1972093 -2.1412001 -2.0815052 -2.0334436 -2.0020252 -1.9706069 -1.9391885 -1.929942 -1.9548148 -1.9810175 -2.0124358 -2.0297775 -2.0402503 -2.0636635 -2.0841416 -2.0909213 -2.097098 -2.1075708 -2.1332535 -2.1166716 -2.1004173 -2.0742353 -2.0455941 -2.0037029
-2.4534811 -2.511775 -2.5316733 -2.5286703 -2.4765557 -2.4468065 -2.4418319 -2.4391667 -2.4391667 -2.3803786 -2.3870047 -2.3983648 -2.3933903 -2.3917292 -2.3922101 -2.3873923 -2.3724686 -2.3744536 -2.3794282 -2.3844028 -2.3850362 -2.3850362 -2.5051642 -2.6037786 -2.5945646 -2.5832638 -2.56834 -2.5693993 -2.5413183 -2.5023112 -2.4479984 -2.3930809 -2.3206549 -2.2672908 -2.1601425 -2.068345 -2.0086501 -1.9605885 -1.9291702 -1.8933468 -1.8148009 -1.796671 -1.8165693 -1.8401232 -1.8667257 -1.8895933 -1.9210117 -1.9425919 -1.958301 -1.9674078 -1.9778806 -2.0247517 -2.1001376 -2.0907021 -2.0805477 -2.0629093 -2.0389709 -2.0729928
-2.4335795 -2.4848093 -2.5062313 -2.4839891 -2.4298789 -2.4 -2.3971508 -2.3944855 -2.3944855 -2.4015194 -2.4214177 -2.4327779 -2.4278033 -2.4244855 -2.4244855 -2.4196677 -2.404744 -2.3960406 -2.4010152 -2.4044855 -2.4044855 -2.4451804 -2.5844686 -2.683083 -2.6762168 -2.6635642 -2.6455067 -2.6253796 -2.5887676 -2.5444973 -2.486897 -2.4234837 -2.3488651 -2.2607997 -2.145599 -2.0517041 -1.9896211 -1.9372509 -1.9011702 -1.8461077 -1.7675618 -1.7443492 -1.762707 -1.7862609 -1.8124429 -1.8456632 -1.8780479 -1.9014824 -1.9176851 -1.9333943 -1.9438878 -2.0275199 -2.1034565 -2.1022311 -2.096769 -2.0876847 -2.0950174 -2.1454275
-2.4346882 -2.485918 -2.5107909 -2.4878399 -2.4309876 -2.4011087 -2.4011087 -2.4 -2.4 -2.4081426 -2.4280409 -2.4394011 -2.4344265 -2.4311087 -2.4311087 -2.4262909 -2.4113672 -2.4026638 -2.4076384 -2.4111087 -2.4111087 -2.4518036 -2.5910917 -2.6897062 -2.6847316 -2.6779193 -2.658021 -2.6342202 -2.5993981 -2.5610698 -2.5034694 -2.4411649 -2.3665462 -2.2784809 -2.1632802 -2.0693852 -2.0047157 -1.9483089 -1.9064177 -1.8439193 -1.7653734 -1.7410521 -1.7559759 -1.7774493 -1.8036313 -1.835743 -1.8723977 -1.8981853 -1.9191309 -1.9356117 -1.9513209 -2.0372645 -2.1235097 -2.1244348 -2.1254791 -2.1202427 -2.1391913 -2.1967917
-2.4413114 -2.4925412 -2.5174141 -2.4944631 -2.4376108 -2.4077319 -2.4077319 -2.4055325 -2.4007948 -2.4087924 -2.4336653 -2.4460243 -2.4410497 -2.4377319 -2.4377319 -2.4329141 -2.4179904 -2.409287 -2.4142615 -2.4177319 -2.4177319 -2.4584268 -2.5977149 -2.6963293 -2.6913548 -2.6850285 -2.6750793 -2.6540897 -2.6192677 -2.5813535 -2.534226 -2.4748713 -2.4052272 -2.31822 -2.2030193 -2.1091244 -2.0444549 -1.9870024 -1.9398748 -1.8739984 -1.7852429 -1.7590855 -1.7692222 -1.7906957 -1.8168777 -1.8465788 -1.8790209 -1.9076917 -1.9323772 -1.9488581 -1.9645672 -2.0543398 -2.1433793 -2.1489066 -2.1521006 -2.157337 -2.1810791 -2.259625
-2.4392244 -2.4904542 -2.5107441 -2.483666 -2.4809034 -2.5232319 -2.5232319 -2.5210325 -2.5162948 -2.5220243 -2.5066366 -2.4003866 -2.395412 -2.3920942 -2.3920942 -2.4049417 -2.4202585 -2.4115551 -2.4156449 -2.4156449 -2.4164788 -2.4606949 -2.5827562 -2.6027859 -2.5978113 -2.5928367 -2.5858909 -2.5694375 -2.532724 -2.4836362 -2.4410449 -2.4034655 -2.341023 -2.2795679 -2.184265 -2.1357983 -2.073983 -2.0223864 -1.9770047 -1.9114694 -1.8512923 -1.8486362 -1.8563108 -1.8736232 -1.8998052 -1.9295064 -1.9578141 -1.9839961 -2.0137615 -2.0317856 -2.0556072 -2.1459775 -2.23293 -2.2385893 -2.2526296 -2.259395 -2.2948544 -2.3696884
-2.4383915 -2.4798639 -2.4947876 -2.548109 -2.6286498 -2.67 -2.67 -2.6678006 -2.663063 -2.6037288 -2.4445424 -2.3382924 -2.3333178 -2.3309783 -2.3309783 -2.3428475 -2.3826441 -2.4109783 -2.4109783 -2.4115042 -2.4164788 -2.4287203 -2.4585678 -2.4795757 -2.4746011 -2.4696266 -2.464652 -2.4479698 -2.398224 -2.3576716 -2.336726 -2.3129972 -2.2781752 -2.2427459 -2.2060911 -2.1657323 -2.111012 -2.0615697 -2.0196786 -1.9873176 -1.966372 -1.9597927 -1.9647673 -1.9811015 -2.0072835 -2.0315089 -2.0576909 -2.0878649 -2.1192832 -2.1452586 -2.1714406 -2.2588298 -2.3456258 -2.3630023 -2.3784105 -2.3941197 -2.4275763 -2.4904131
-2.4450147 -2.486487 -2.5014108 -2.5547322 -2.635273 -2.6752413 -2.6702667 -2.6678006 -2.663063 -2.6037288 -2.4445424 -2.3382924 -2.3376014 -2.3376014 -2.3376014 -2.348843 -2.383665 -2.4115551 -2.4165297 -2.4176014 -2.4176014 -2.4287203 -2.4585678 -2.48 -2.48 -2.4762498 -2.4712752 -2.454593 -2.4048472 -2.3649699 -2.3544971 -2.3343086 -2.3094357 -2.2758618 -2.2483529 -2.214333 -2.1695618 -2.1211784 -2.0792873 -2.0452775 -2.0193575 -2.0108116 -2.0111296 -2.0253957 -2.0470226 -2.0661662 -2.0841837 -2.1143576 -2.145776 -2.1682649 -2.1913101 -2.2866179 -2.3787417 -2.4008509 -2.4179548 -2.4284276 -2.462695 -2.541241
-2.4576902 -2.493412 -2.5083357 -2.5616571 -2.6401614 -2.68 -2.6771917 -2.672327 -2.6675894 -2.6064967 -2.4445424 -2.34 -2.34 -2.34 -2.34 -2.3528475 -2.39059 -2.4145264 -2.4165297 -2.4215042 -2.4245264 -2.4332467 -2.4630942 -2.4845264 -2.4845264 -2.4831747 -2.4782001 -2.4628188 -2.4162986 -2.3764212 -2.3659484 -2.3522562 -2.3302105 -2.3049039 -2.2832155 -2.2624762 -2.2225629 -2.1811309 -2.1416118 -2.107602 -2.08142 -2.0677927 -2.0662112 -2.072304 -2.0902895 -2.1041967 -2.1188987 -2.1385999 -2.1689494 -2.1914382 -2.2123838 -2.3119191 -2.4086564 -2.4264229 -2.4470984 -2.4609245 -2.4944392 -2.5758657
-2.4563961 -2.4882841 -2.5032079 -2.5522424 -2.6280455 -2.6300217 -2.6300217 -2.6278224 -2.6230847 -2.5619921 -2.3978311 -2.3702899 -2.3702899 -2.3702899 -2.3702899 -2.3710214 -2.410818 -2.4381739 -2.4381739 -2.4396782 -2.4446527 -2.4568943 -2.4867417 -2.4672826 -2.4672826 -2.4672826 -2.4624708 -2.4470895 -2.4023183 -2.3873684 -2.3768956 -2.3647179 -2.3448196 -2.3295589 -2.3190861 -2.3059192 -2.2710972 -2.2370357 -2.2003809 -2.1704948 -2.1443129 -2.126142 -2.1211675 -2.1221507 -2.1326235 -2.1430963 -2.1519487 -2.1629389 -2.1831416 -2.2033156 -2.2230455 -2.3226931 -2.4229784 -2.4395603 -2.4559467 -2.4716559 -2.5072467 -2.591029
-2.410252 -2.4408223 -2.4507714 -2.4765049 -2.4338657 -2.4114565 -2.4114565 -2.4092572 -2.4045195 -2.3434269 -2.4374146 -2.5027536 -2.5027536 -2.5027536 -2.5027536 -2.5027536 -2.5027536 -2.5176522 -2.5176522 -2.5191564 -2.524131 -2.5363725 -2.4429475 -2.3679348 -2.3679348 -2.3679348 -2.3679348 -2.3543648 -2.3713771 -2.3873684 -2.3815855 -2.3713411 -2.3562542 -2.3428052 -2.3578781 -2.3525167 -2.3226692 -2.2903132 -2.2588948 -2.2278091 -2.185918 -2.1647986 -2.1548494 -2.1537348 -2.1591163 -2.1596479 -2.1387023 -2.1475629 -2.1632721 -2.1808436 -2.1965528 -2.2931252 -2.3898624 -2.4064444 -2.4228308 -2.4339928 -2.4675075 -2.4659511
-2.4094259 -2.4306846 -2.4406338 -2.4198093 -2.3748991 -2.35 -2.35 -2.35 -2.3478238 -2.3799304 -2.4794219 -2.5447609 -2.5433178 -2.54 -2.54 -2.54 -2.54 -2.5415551 -2.5447609 -2.5447609 -2.5464788 -2.5194788 -2.4150127 -2.34 -2.34 -2.34 -2.34 -2.3478051 -2.376138 -2.3934451 -2.3882087 -2.3813626 -2.3695006 -2.3647269 -2.3804361 -2.3811319 -2.3566113 -2.3282718 -2.29946 -2.2601603 -2.2161354 -2.1931536 -2.1832045 -2.1790435 -2.1825654 -2.1666867 -2.1444994 -2.1475057 -2.162446 -2.1781552 -2.1938643 -2.2885744 -2.3853117 -2.4018936 -2.417107 -2.4275798 -2.433115 -2.4278786
-2.4199817 -2.4359237 -2.4458729 -2.422276 -2.3748991 -2.35 -2.35 -2.35 -2.35 -2.3851695 -2.484661 -2.5482924 -2.5433178 -2.5414829 -2.5414829 -2.5414829 -2.5414829 -2.5415551 -2.5465297 -2.55 -2.55 -2.5194788 -2.4150127 -2.3414829 -2.3414829 -2.3401312 -2.34 -2.3478051 -2.3776525 -2.3986842 -2.3934478 -2.3880846 -2.3781355 -2.3766881 -2.3923973 -2.394576 -2.3746777 -2.3521942 -2.3260122 -2.2908047 -2.2436771 -2.217076 -2.2071269 -2.2029658 -2.2029658 -2.183887 -2.157705 -2.1594669 -2.1699397 -2.1833943 -2.1991035 -2.2938136 -2.3903672 -2.4056498 -2.4220363 -2.4328189 -2.4368712 -2.4316348
-2.427574 -2.4415411 -2.4465156 -2.422276 -2.3748991 -2.35 -2.35 -2.35 -2.35 -2.3851695 -2.484661 -2.5485792 -2.5485792 -2.5485792 -2.5485792 -2.5485792 -2.5485792 -2.5485792 -2.5485792 -2.55 -2.55 -2.5195114 -2.4200199 -2.3485792 -2.3485792 -2.3472275 -2.3422529 -2.3478051 -2.3776525 -2.3986842 -2.3934478 -2.3883008 -2.3833263 -2.3840986 -2.4050442 -2.4087686 -2.3888702 -2.3663868 -2.3402048 -2.3061414 -2.2642503 -2.2369028 -2.2219791 -2.2171584 -2.2171584 -2.1960433 -2.1648013 -2.1665631 -2.1770359 -2.1875087 -2.1991035 -2.2938136 -2.3903672 -2.4014218 -2.41494 -2.4306492 -2.4367083 -2.4262355
-2.3933359 -2.4058822 -2.4108567 -2.3851963 -2.4136135 -2.455942 -2.455942 -2.455942 -2.455942 -2.4453912 -2.4528784 -2.5182174 -2.5182174 -2.5182174 -2.5182174 -2.5487301 -2.6188623 -2.6204174 -2.6241594 -2.6241594 -2.6241594 -2.5950916 -2.5076756 -2.4612391 -2.4612391 -2.4612391 -2.46021 -2.4916591 -2.6054279 -2.6264596 -2.6212232 -2.6126779 -2.6005074 -2.6041214 -2.5774273 -2.5133573 -2.4870597 -2.4624219 -2.4330971 -2.359627 -2.2776861 -2.2517595 -2.2368357 -2.2245014 -2.22 -2.2024041 -2.1727636 -2.1692891 -2.1784567 -2.1933943 -2.2046994 -2.2645478 -2.3587682 -2.3749363 -2.3858606 -2.3974458 -2.4098632 -2.4103442
