mean_models/J1_mean_tot_conduct_slide_257.29.dat.tif
NCOLS 118
NROWS 92
XLLCORNER 139.62
YLLCORNER -39.07
DX 0.099491525
DY 0.099347826
NODATA_VALUE -9999
[rows 0 to 25 of 92, columns 58 to 115 of 118]
-1.7793165 -1.6687704 -1.5668279 -1.4673364 -1.3770477 -1.288029 -1.216618 -1.1484522 -1.1132815 -1.0883497 -1.0940361 -1.1101334 -1.1676753 -1.2377644 -1.3427832 -1.4635059 -1.6127432 -1.7720291 -1.943192 -2.1050901 -2.2686777 -2.4188209 -2.5485243 -2.6488773 -2.7336993 -2.7834451 -2.7341113 -2.6614205 -2.647139 -2.6240117 -2.5853696 -2.4685027 -2.2903156 -2.2056693 -2.1331649 -2.0315155 -1.9299302 -1.8305811 -1.770057 -1.7407948 -1.7629547 -1.7889148 -1.854739 -1.9322159 -2.0317074 -2.1173683 -2.19345 -2.3042482 -2.3863043 -2.409714 -2.4237049 -2.4295573 -2.3888479 -2.3442183 -2.3263479 -2.2588817 -2.2003572 -9999
-1.7925285 -1.6778273 -1.5693904 -1.4645629 -1.3689607 -1.279942 -1.2085311 -1.1422034 -1.1132815 -1.0959642 -1.1079386 -1.1466399 -1.211074 -1.3005796 -1.4146618 -1.555707 -1.7182261 -1.8895726 -2.0651718 -2.230991 -2.3891489 -2.5364722 -2.6525675 -2.7460118 -2.8114779 -2.8467366 -2.782504 -2.69179 -2.6742327 -2.6491327 -2.6068139 -2.4817416 -2.2992074 -2.2097128 -2.1239178 -2.0185739 -1.9151093 -1.8156177 -1.7591372 -1.7373761 -1.7736042 -1.8052678 -1.8769364 -1.9656453 -2.0675613 -2.1530897 -2.2250421 -2.331342 -2.4113763 -2.4325111 -2.4424413 -2.4443139 -2.4075843 -2.3727503 -2.3594439 -2.3206154 -2.2735819 -9999
-1.8128928 -1.691292 -1.5766196 -1.4666553 -1.3700069 -1.2809882 -1.2101004 -1.1437727 -1.1207176 -1.1080895 -1.1395079 -1.1838887 -1.261271 -1.3620446 -1.4891727 -1.6430888 -1.8144353 -1.9903157 -2.1661768 -2.3241592 -2.4622025 -2.6003852 -2.7107265 -2.7926607 -2.8353636 -2.8630001 -2.7966889 -2.7025713 -2.685014 -2.6564917 -2.6067459 -2.4821967 -2.2949186 -2.1905694 -2.1018029 -1.9968076 -1.893343 -1.7938514 -1.7518627 -1.7343054 -1.7757164 -1.8250701 -1.9070043 -1.9979714 -2.1033154 -2.1880193 -2.2582486 -2.351332 -2.4252798 -2.4428372 -2.4484307 -2.4484307 -2.4231895 -2.3964104 -2.390558 -2.3621984 -2.3212313 -9999
-1.8467217 -1.716129 -1.6014566 -1.4914922 -1.388709 -1.2934067 -1.2262848 -1.1624004 -1.1441659 -1.1335306 -1.1754218 -1.223685 -1.3171541 -1.4236325 -1.5636835 -1.7116873 -1.8765277 -2.0511419 -2.22206 -2.3547153 -2.466887 -2.4171412 -2.5049242 -2.5380819 -2.5677548 -2.5835844 -2.6595731 -2.6280604 -2.6105031 -2.5834304 -2.5384443 -2.4165774 -2.2328262 -2.128477 -2.0397105 -1.940219 -1.8374598 -1.7870738 -1.7734647 -1.7653516 -1.8335958 -1.8934625 -1.992954 -2.0849008 -2.2096168 -2.3066656 -2.3824334 -2.3545355 -2.4128613 -2.4257252 -2.429803 -2.429803 -2.5060265 -2.4957583 -2.4853619 -2.455337 -2.4143699 -9999
-1.8803303 -1.7483802 -1.6262935 -1.5163292 -1.413546 -1.3140544 -1.247528 -1.1867277 -1.1716184 -1.1650759 -1.2090835 -1.2666221 -1.3637294 -1.4795156 -1.6232256 -1.7773734 -1.9376653 -2.107025 -2.2718763 -2.3958906 -2.4883765 -2.4331534 -2.4075378 -2.4244516 -2.4337806 -2.4393079 -2.5095867 -2.5859069 -2.5683496 -2.5314483 -2.4852921 -2.3659252 -2.1844995 -2.0752093 -1.9864429 -1.8869513 -1.8081328 -1.7743649 -1.78 -1.78 -1.864642 -1.944668 -2.0465478 -2.1573304 -2.2850319 -2.3743083 -2.4562425 -2.4228303 -2.4071589 -2.4179611 -2.4229416 -2.4229416 -2.4962235 -2.5460818 -2.5343769 -2.5043519 -2.4633848 -9999
-1.9051673 -1.7780392 -1.6571635 -1.5419628 -1.4383829 -1.3388914 -1.2737125 -1.2177739 -1.2050667 -1.2023313 -1.2494589 -1.3100868 -1.4151056 -1.5353988 -1.6791087 -1.8332566 -1.9935485 -2.1555388 -2.315341 -2.4314145 -2.5132134 -2.4468857 -2.413747 -2.4254519 -2.4337806 -2.4393079 -2.507693 -2.5796976 -2.5513661 -2.5128206 -2.4575476 -2.334879 -2.1534533 -2.0407713 -1.9429782 -1.8434867 -1.7667285 -1.7433187 -1.7521672 -1.78 -1.8749105 -1.9757142 -2.0810582 -2.1931768 -2.3160781 -2.4033114 -2.4748702 -2.4352967 -2.4121087 -2.4179611 -2.4238136 -2.4291508 -2.499511 -2.5460818 -2.5343769 -2.5043519 -2.4633848 -9999
-1.9192841 -1.7952798 -1.6774896 -1.5660031 -1.4632199 -1.3721023 -1.3092696 -1.2539965 -1.2421767 -1.2449468 -1.2949176 -1.3642716 -1.467033 -1.5859219 -1.7296318 -1.8837797 -2.0353383 -2.1936434 -2.3373655 -2.4505932 -2.5166102 -2.4482793 -2.4092362 -2.420941 -2.4284205 -2.4292799 -2.4967777 -2.5620006 -2.5295457 -2.4834728 -2.4196196 -2.2877527 -2.1063269 -1.993645 -1.8941535 -1.7974359 -1.7303222 -1.7192799 -1.7372011 -1.7904471 -1.9109719 -2.0174805 -2.1245903 -2.2403032 -2.3527923 -2.4343576 -2.4890601 -2.4432043 -2.4174687 -2.4233212 -2.4291736 -2.43 -2.5003602 -2.5460818 -2.5343769 -2.5043519 -2.4536318 -9999
-1.9308004 -1.8091996 -1.6976658 -1.5877015 -1.4952379 -1.4062192 -1.3480943 -1.2928212 -1.2872107 -1.2899808 -1.3460928 -1.4127067 -1.511999 -1.6246107 -1.7683207 -1.9076635 -2.0569008 -2.2016042 -2.3334722 -2.4239152 -2.5334491 -2.4797331 -2.4438285 -2.4555334 -2.457663 -2.457663 -2.4750113 -2.5394666 -2.4984995 -2.4386621 -2.3668071 -2.2459252 -2.0644995 -1.948679 -1.8502343 -1.7680269 -1.7084307 -1.7084307 -1.7521196 -1.8106441 -1.9311689 -2.057344 -2.1695563 -2.2784945 -2.3838385 -2.4393908 -2.4920628 -2.4188669 -2.3891535 -2.395006 -2.3970448 -2.3970448 -2.4454349 -2.4911565 -2.4794516 -2.4483758 -2.3957038 -9999
-1.919716 -1.8091699 -1.7007627 -1.60012 -1.5116989 -1.4310561 -1.3810906 -1.3362859 -1.3344497 -1.3396547 -1.3867822 -1.4499622 -1.5439264 -1.6522354 -1.7745299 -1.9043228 -2.0320638 -2.1605802 -2.2651706 -2.3314983 -2.4278921 -2.5771294 -2.5880987 -2.6107644 -2.6106827 -2.6066848 -2.5293213 -2.5084204 -2.4594237 -2.3939872 -2.3055503 -2.1952855 -2.0458718 -1.9239149 -1.8191881 -1.7548112 -1.7022215 -1.7022215 -1.7559852 -1.835481 -1.9560058 -2.0821809 -2.1992298 -2.3093569 -2.3854387 -2.4298156 -2.4672258 -2.3183297 -2.2587595 -2.2646119 -2.2666508 -2.2666508 -2.2549241 -2.2738331 -2.2677183 -2.2435458 -2.2032174 -9999
-1.9049676 -1.8004733 -1.7058623 -1.6097784 -1.5318302 -1.4546104 -1.4154982 -1.376807 -1.3797754 -1.3872018 -1.4343293 -1.4916963 -1.5827769 -1.6840151 -1.801958 -1.9096416 -2.028145 -2.1361441 -2.2279124 -2.2900477 -2.3697652 -2.509589 -2.607119 -2.6285732 -2.6284098 -2.6224095 -2.5443539 -2.4582628 -2.404121 -2.3254207 -2.2347029 -2.1241845 -1.9858223 -1.8959824 -1.787685 -1.7437039 -1.7 -1.713898 -1.7978761 -1.8883402 -2.0116816 -2.1356433 -2.237891 -2.3391323 -2.4033926 -2.4343597 -2.4633314 -2.3136975 -2.2163623 -2.22 -2.22 -2.22 -2.2082733 -2.1980409 -2.1921884 -2.1570239 -2.1201404 -9999
-1.8786941 -1.7847298 -1.700116 -1.6163336 -1.545789 -1.4777158 -1.4426647 -1.4150281 -1.4202758 -1.4323585 -1.479486 -1.5352089 -1.6236459 -1.7193154 -1.8298616 -1.9301611 -2.0296526 -2.1200763 -2.2064408 -2.2657196 -2.3377375 -2.4703929 -2.5562082 -2.5737655 -2.5709306 -2.559876 -2.4811284 -2.3938857 -2.3236564 -2.2457781 -2.1518139 -2.0429055 -1.9141517 -1.8334313 -1.7587049 -1.7287705 -1.7180876 -1.7590547 -1.8487868 -1.9599832 -2.0839338 -2.2045755 -2.2966026 -2.3721759 -2.4189954 -2.4458524 -2.4692622 -2.3194439 -2.22 -2.22 -2.22 -2.22 -2.2082733 -2.1980409 -2.1921884 -2.1545579 -2.1018859 -9999
-1.8442673 -1.7598929 -1.684462 -1.6163336 -1.5540946 -1.4963435 -1.4682265 -1.4460743 -1.4558436 -1.4696139 -1.5167415 -1.5713683 -1.6487506 -1.7393444 -1.8360708 -1.9257412 -2.0110249 -2.0983183 -2.1753946 -2.2251404 -2.2930976 -2.4036438 -2.4849544 -2.4930454 -2.4872519 -2.4729467 -2.394199 -2.3069563 -2.236727 -2.1599994 -2.0710937 -1.9741022 -1.8644778 -1.8066502 -1.7462865 -1.7579913 -1.755343 -1.8201254 -1.9226129 -2.0407034 -2.1563074 -2.2728771 -2.3314016 -2.4032221 -2.4346158 -2.4519887 -2.4692622 -2.3194439 -2.22 -2.22 -2.22 -2.22 -2.2082733 -2.1980409 -2.1873456 -2.1426647 -2.0832582 -9999
-1.8070119 -1.7271147 -1.6628655 -1.6048127 -1.5540946 -1.5058655 -1.4900947 -1.4735128 -1.4836493 -1.5036289 -1.5507564 -1.6021427 -1.6792493 -1.7577004 -1.8468947 -1.922229 -2.0018584 -2.0802341 -2.1508294 -2.2005751 -2.2593544 -2.3699006 -2.3916712 -2.3965813 -2.3870889 -2.3654102 -2.2845863 -2.1843816 -2.1141523 -2.0471462 -1.9638927 -1.9157496 -1.816574 -1.7634573 -1.7435894 -1.7552943 -1.8052358 -1.8812988 -1.9973956 -2.1149425 -2.2143441 -2.3249763 -2.3835008 -2.3983292 -2.4235379 -2.4352428 -2.4438916 -2.42638 -2.3269361 -2.3269361 -2.3269361 -2.3240297 -2.4124241 -2.4002326 -2.3780071 -2.3114418 -2.1864123 -9999
-1.7748147 -1.708487 -1.6519402 -1.6048127 -1.5601751 -1.5182839 -1.5046104 -1.4983498 -1.5132797 -1.5344002 -1.5762913 -1.6253401 -1.6916678 -1.7626213 -1.8344762 -1.9127395 -1.9956491 -2.0660576 -2.1322017 -2.1769092 -2.2265998 -2.2597636 -2.2799049 -2.2799049 -2.2626527 -2.2350162 -2.1370525 -2.0291506 -1.9759794 -1.9204998 -1.8707541 -1.822611 -1.7757915 -1.7548123 -1.7497987 -1.7943635 -1.856675 -1.9620189 -2.0720477 -2.1832441 -2.2738717 -2.3622011 -2.3622011 -2.3683684 -2.3800732 -2.3883653 -2.3942177 -2.4907581 -2.531841 -2.531841 -2.5285777 -2.5227253 -2.6924284 -2.7773261 -2.7070968 -2.5720293 -2.3788987 -9999
-1.7436827 -1.6842003 -1.6386576 -1.5991537 -1.5663883 -1.5307024 -1.525607 -1.5228195 -1.5440106 -1.5640709 -1.6011283 -1.6449664 -1.6984273 -1.7599057 -1.8220578 -1.8904335 -1.966804 -2.0351476 -2.0737164 -2.1013529 -2.1408967 -2.1649742 -2.1805193 -2.1737976 -2.1586751 -2.132917 -2.0569283 -1.9542967 -1.9073105 -1.8748648 -1.8398641 -1.8141587 -1.7845143 -1.8001643 -1.8030244 -1.8717819 -1.9373951 -2.0495206 -2.1486482 -2.2515457 -2.3122016 -2.3860815 -2.365659 -2.3701754 -2.3818803 -2.385659 -2.3898156 -2.4863559 -2.55 -2.55 -2.5461864 -2.540334 -2.7043781 -2.8008316 -2.7236612 -2.5684468 -2.3733213 -9999
-1.713651 -1.658378 -1.6232862 -1.5918679 -1.5680255 -1.5418436 -1.5422601 -1.5477874 -1.5713385 -1.5949147 -1.6304019 -1.6675614 -1.7160618 -1.7602612 -1.8155343 -1.8697949 -1.9361226 -1.9797808 -2.0121876 -2.0340295 -2.0572028 -2.0766812 -2.0855125 -2.0738076 -2.056979 -2.0348698 -1.9715297 -1.8917549 -1.8566402 -1.8459944 -1.8184783 -1.8147294 -1.808877 -1.8390932 -1.868174 -1.9402216 -2.0254858 -2.1425346 -2.2297057 -2.3174924 -2.3659312 -2.4126582 -2.3863696 -2.3765092 -2.3881107 -2.39 -2.39 -2.4863559 -2.55 -2.55 -2.5441937 -2.5383412 -2.6981955 -2.786594 -2.7046598 -2.5514382 -2.3524552 -9999
-1.6812659 -1.6425747 -1.6134149 -1.5977057 -1.5778443 -1.5617131 -1.564426 -1.5742802 -1.6011822 -1.6280306 -1.659449 -1.6940542 -1.7327453 -1.7717799 -1.8049437 -1.8506024 -1.8963834 -1.9305921 -1.9525789 -1.9636335 -1.9777245 -1.9832518 -1.9861647 -1.9744598 -1.9594191 -1.9421452 -1.8958599 -1.8387694 -1.8279159 -1.8261249 -1.8316522 -1.8418747 -1.8684857 -1.9092808 -1.9542754 -2.0303572 -2.1172198 -2.2225638 -2.302818 -2.3704779 -2.403904 -2.4325278 -2.3974131 -2.3822582 -2.3881107 -2.39 -2.39 -2.4863559 -2.5492754 -2.5434229 -2.5375705 -2.5317181 -2.6838311 -2.7661494 -2.6783628 -2.528288 -2.3392088 -9999
-1.6596105 -1.6289454 -1.6106467 -1.6014692 -1.5890517 -1.5845584 -1.6017147 -1.6140146 -1.6411002 -1.6693327 -1.7017243 -1.7388839 -1.7739569 -1.8040181 -1.8314546 -1.867481 -1.8842715 -1.9034005 -1.9057406 -1.9157948 -1.9169107 -1.9193283 -1.9136734 -1.9045821 -1.8895413 -1.8856182 -1.8421013 -1.8345278 -1.8344153 -1.8514428 -1.8738519 -1.8842358 -1.8998476 -1.9462957 -1.9968266 -2.0682154 -2.1338285 -2.2576769 -2.3538085 -2.3920951 -2.4100648 -2.4317683 -2.3900663 -2.3527881 -2.3586406 -2.3605299 -2.3605299 -2.515826 -2.5773614 -2.5743818 -2.5705682 -2.5601381 -2.5596549 -2.637821 -2.5636507 -2.424518 -2.2815212 -9999
-1.6532965 -1.6311872 -1.6213659 -1.6161295 -1.6167255 -1.6167255 -1.6350028 -1.657112 -1.6845649 -1.7119722 -1.7480355 -1.7802131 -1.8078496 -1.8296987 -1.8518079 -1.8612374 -1.8667647 -1.8677582 -1.8654551 -1.8643954 -1.8621637 -1.8566313 -1.8532182 -1.8473658 -1.85 -1.85 -1.8507694 -1.84714 -1.8705498 -1.9125954 -1.9568139 -1.962714 -1.9451567 -1.9818256 -2.0309607 -2.0749409 -2.1537096 -2.3000207 -2.3701631 -2.3994253 -2.4149859 -2.4239133 -2.3595364 -2.3222582 -2.3281107 -2.3288791 -2.3288791 -2.497502 -2.6088791 -2.6088791 -2.600131 -2.5884261 -2.5573205 -2.517046 -2.4585216 -2.3593918 -2.2306381 -9999
-1.6555273 -1.6436057 -1.6377781 -1.6409665 -1.6465017 -1.653981 -1.6754264 -1.7005767 -1.7280296 -1.7554369 -1.7816189 -1.810761 -1.8273429 -1.8444152 -1.8518079 -1.8565207 -1.8543463 -1.8516116 -1.8406181 -1.8350908 -1.8311175 -1.8200629 -1.8183171 -1.8225288 -1.8358018 -1.85 -1.8693409 -1.8781862 -1.9229947 -1.9843041 -2.0499524 -2.0475148 -2.0134583 -2.0430941 -2.0868439 -2.1161061 -2.190965 -2.3271522 -2.3900734 -2.4118438 -2.4196556 -2.4239133 -2.3595364 -2.3222582 -2.3226698 -2.3226698 -2.3226698 -2.4912927 -2.6026698 -2.5973786 -2.5877126 -2.5760077 -2.5401596 -2.4984183 -2.4347521 -2.3447272 -2.2306381 -9999
-1.6590667 -1.6506182 -1.653736 -1.6627595 -1.6748781 -1.6900836 -1.7162212 -1.7438577 -1.7714943 -1.7989016 -1.8250836 -1.848886 -1.8650311 -1.8736611 -1.8762056 -1.8706783 -1.860059 -1.848011 -1.8334782 -1.8279509 -1.8177684 -1.8070788 -1.8162712 -1.8258476 -1.8428194 -1.8763179 -1.9011955 -1.9398507 -1.9983751 -2.0703028 -2.1376698 -2.1220891 -2.0784498 -2.104317 -2.1321088 -2.161371 -2.2138435 -2.3484497 -2.4113709 -2.4229761 -2.4285347 -2.4274527 -2.3630758 -2.32 -2.32 -2.32 -2.32 -2.4815441 -2.5908125 -2.5834596 -2.5717547 -2.553639 -2.5135835 -2.4672132 -2.4041873 -2.3163508 -2.2262861 -9999
-1.6692459 -1.6692459 -1.6780965 -1.6938057 -1.7126027 -1.7335483 -1.7596859 -1.7873224 -1.8149589 -1.8423663 -1.8685483 -1.891232 -1.9022866 -1.9065699 -1.9010426 -1.8890594 -1.8724775 -1.8561469 -1.8396874 -1.828823 -1.8194973 -1.8194973 -1.8286897 -1.8520995 -1.8879826 -1.932201 -1.9754141 -2.0209683 -2.09705 -2.1713719 -2.2432269 -2.2276461 -2.1398595 -2.1470418 -2.1693642 -2.1812998 -2.2324712 -2.3670774 -2.4233329 -2.4291853 -2.4347439 -2.4333599 -2.3631306 -2.32 -2.32 -2.32 -2.32 -2.4765784 -2.5765367 -2.5648318 -2.5460026 -2.5225928 -2.4802134 -2.4316656 -2.3731411 -2.3023679 -2.2262861 -9999
-1.6808278 -1.6890652 -1.7015362 -1.7204827 -1.7397825 -1.7607281 -1.7911548 -1.8208573 -1.8484938 -1.8701251 -1.8596523 -1.8772899 -1.8783744 -1.882155 -1.8766277 -1.902414 -1.9174657 -1.9008838 -1.8844243 -1.878897 -1.8730722 -1.8835507 -1.8996375 -1.9352181 -1.9879832 -2.0424995 -2.0770475 -2.1203161 -2.1938065 -2.2567253 -2.3110507 -2.33714 -2.2902993 -2.2900791 -2.3099861 -2.3158385 -2.3666818 -2.4522455 -2.4807799 -2.4866323 -2.4871957 -2.496374 -2.5537828 -2.5106522 -2.5061864 -2.4963709 -2.491587 -2.2988751 -2.3787754 -2.3670705 -2.3515521 -2.3306838 -2.3645279 -2.3223725 -2.276348 -2.2317169 -2.1690905 -9999
-1.6945296 -1.7066958 -1.7264316 -1.7473772 -1.773907 -1.7948526 -1.8252793 -1.8584431 -1.8862633 -1.9070694 -1.8946296 -1.8881228 -1.8895448 -1.8871202 -1.8815929 -1.9129634 -1.9571818 -1.9515274 -1.9407133 -1.9379169 -1.9390845 -1.955168 -1.9848629 -2.027312 -2.0912096 -2.1575373 -2.178101 -2.2136959 -2.2839252 -2.3325495 -2.379837 -2.3847577 -2.3730528 -2.3794967 -2.3955842 -2.398819 -2.4234651 -2.487842 -2.5135842 -2.5194367 -2.5172079 -2.5221879 -2.5784736 -2.6121575 -2.6044995 -2.5825289 -2.5708241 -2.3833275 -2.2518221 -2.2386107 -2.2190145 -2.2014572 -2.2328431 -2.2439492 -2.2047931 -2.1806879 -2.1338684 -9999
-1.7069481 -1.7290573 -1.7515942 -1.7777762 -1.8065501 -1.8379684 -1.868744 -1.9019078 -1.929728 -1.950534 -1.9348249 -1.9253782 -1.9309055 -1.9305848 -1.9250575 -1.9578024 -2.013065 -2.014481 -2.0090149 -2.0090149 -2.0135954 -2.0412319 -2.0780014 -2.1365259 -2.2049529 -2.2817221 -2.2900272 -2.3006252 -2.3551416 -2.4008511 -2.4340149 -2.4327786 -2.3978898 -2.4006429 -2.4080027 -2.4080027 -2.4296743 -2.4940512 -2.5190014 -2.5194367 -2.5150047 -2.5159787 -2.5686507 -2.5972199 -2.5796626 -2.554179 -2.5273594 -2.3463231 -2.2185558 -2.195146 -2.1755498 -2.1579925 -2.1863072 -2.1971567 -2.1737469 -2.1540012 -2.1338684 -9999
-1.7216029 -1.7466864 -1.7774561 -1.8078237 -1.8375963 -1.8690146 -1.9060765 -1.9401619 -1.9731926 -1.9939987 -1.9782895 -1.9678442 -1.9733715 -1.9764742 -1.9737328 -2.023874 -2.0878037 -2.0932039 -2.093132 -2.1085802 -2.1141593 -2.1417958 -2.1861574 -2.2505068 -2.3219298 -2.3993121 -2.3703196 -2.3707712 -2.4176556 -2.4404196 -2.4606318 -2.4499887 -2.4108636 -2.4098481 -2.4152106 -2.4152106 -2.4358836 -2.497318 -2.5164158 -2.5147894 -2.5047988 -2.5028988 -2.5415991 -2.5671723 -2.5363299 -2.4834735 -2.4479739 -2.2820161 -2.1542487 -2.130839 -2.1150563 -2.098896 -2.137632 -2.1504787 -2.1421798 -2.1443682 -2.1314506 -9999
