mean_models/J1_mean_vp_slide_diff2_240.dat.tif
NCOLS 118
NROWS 92
XLLCORNER 139.62
YLLCORNER -39.07
DX 0.099491525
DY 0.099347826
NODATA_VALUE -9999
[rows 0 to 23 of 92, columns 53 to 105 of 118]
-9999 -9999 -9999 -9999 -9999 -9999 -9999 -9999 -9999 -9999 -9999 -9999 -9999 -9999 -9999 -9999 -9999 -9999 -9999 -9999 -9999 -9999 -9999 -9999 -9999 -9999 -9999 -9999 -9999 -9999 -9999 -9999 -9999 -9999 -9999 -9999 -9999 -9999 -9999 -9999 -9999 -9999 -9999 -9999 -9999 -9999 -9999 -9999 -9999 -9999 -9999 -9999 -9999
0.054075337 0.066097629 0.060800103 0.040477893 0.020155683 -0.0001665267 -0.020488737 -0.032277181 -0.033956583 -0.034462746 -0.034968909 -0.035475072 -0.035981235 -0.017318655 -0.015906599 -0.014494543 -0.013082487 -0.011670431 -0.0089498667 -0.0045549207 -0.00015997468 0.0042349713 0.0086299173 -0.0084626262 -0.0095847933 0.0055446765 0.020674146 0.035803616 0.050933086 0.042555739 0.023317832 0.0040799253 -0.015157981 -0.031487962 -0.032592639 -0.043027922 -0.053029448 -0.063030975 -0.073032501 -0.082847544 -0.086593888 -0.090340231 -0.094086575 -0.097832919 -0.089192825 -0.092110342 -0.090558275 -0.089006207 -0.087454139 -0.085902071 -0.089001158 -0.08899451 -0.08873424
0.02944639 0.041468682 0.046814397 0.045751607 0.025429397 0.0051071871 -0.015215023 -0.027003467 -0.032992857 -0.03557689 -0.036083054 -0.036589217 -0.03709538 -0.014689386 0.0079008657 0.0093129218 0.010724978 0.012137034 0.014857598 0.019252544 0.02364749 0.028042436 0.0073883945 -0.015411593 -0.021809273 -0.025139521 -0.010010051 0.005119419 0.020248889 0.011871542 -0.0073663651 -0.026604272 -0.040507496 -0.036086317 -0.037190995 -0.048252763 -0.058796796 -0.068798323 -0.078799849 -0.088614892 -0.092361236 -0.09610758 -0.099853923 -0.090035486 -0.074453747 -0.078549813 -0.084196288 -0.08264422 -0.081092153 -0.079540085 -0.082639171 -0.0879556 -0.088172925
0.004817443 0.016839735 0.02218545 0.027531165 0.030703111 0.010380901 -0.0099413092 -0.021729753 -0.027719143 -0.033708533 -0.037197198 -0.037703361 -0.038209524 -0.015803531 0.0073897527 0.030583036 0.034532443 0.035944499 0.038665063 0.043060009 0.046406724 0.023423076 0.00043942804 -0.022360559 -0.02875824 -0.03515592 -0.040694248 -0.025564778 -0.010435308 -0.018812655 -0.038050562 -0.049527029 -0.045105851 -0.040684673 -0.04178935 -0.052851119 -0.063912887 -0.074565671 -0.084567197 -0.094382241 -0.098128584 -0.10187493 -0.090878146 -0.075296408 -0.05971467 -0.063810735 -0.070002552 -0.076194369 -0.074730166 -0.073178098 -0.076277185 -0.081593614 -0.086910043
-0.019811504 -0.0077892121 -0.0024434969 0.0029022183 0.0082479335 0.013593649 -0.0046675954 -0.016456039 -0.022445429 -0.028434819 -0.034424209 -0.038817506 -0.039323669 -0.016917675 0.0062756082 0.029468892 0.052662175 0.059751963 0.062472527 0.062441405 0.039457757 0.016474109 -0.0065095385 -0.029309526 -0.035707206 -0.042104887 -0.048502567 -0.054900248 -0.041119505 -0.049496852 -0.058546563 -0.054125385 -0.049704207 -0.045283028 -0.046387706 -0.057449474 -0.068511242 -0.07957301 -0.090334546 -0.10014959 -0.10389593 -0.091720807 -0.076139069 -0.06055733 -0.044975592 -0.049071657 -0.055263474 -0.061455291 -0.067647108 -0.066816112 -0.069915198 -0.075231628 -0.080548057
-0.036738153 -0.032418159 -0.027072444 -0.021726729 -0.016381013 -0.011035298 -0.0056895831 -0.011182326 -0.017171716 -0.023161105 -0.029150495 -0.035139885 -0.040437813 -0.01803182 0.0051614637 0.028354747 0.051548031 0.074741314 0.078476086 0.055492439 0.032508791 0.0095251429 -0.013458505 -0.036258492 -0.042656173 -0.049053853 -0.055451534 -0.061849214 -0.068246895 -0.067566096 -0.063144918 -0.05872374 -0.054302562 -0.049881384 -0.050986061 -0.06204783 -0.073109598 -0.084171366 -0.095233134 -0.10591694 -0.092563468 -0.076981729 -0.061399991 -0.045818252 -0.030236514 -0.034332579 -0.040524396 -0.046716213 -0.05290803 -0.059099847 -0.063553212 -0.068869641 -0.07418607
-0.038176072 -0.034708053 -0.029362338 -0.024016623 -0.018670908 -0.013325192 -0.01081737 -0.01196601 -0.016433505 -0.022422895 -0.028412285 -0.034401674 -0.040391064 -0.018167222 0.0050260614 0.028219345 0.051412628 0.063789656 0.053155416 0.030171768 0.0071881201 -0.015795528 -0.038749904 -0.04136036 -0.032141208 -0.038538888 -0.044936569 -0.051334249 -0.05773193 -0.056729659 -0.05230848 -0.047887302 -0.043466124 -0.043584723 -0.050379465 -0.055950501 -0.067012269 -0.078074037 -0.089135805 -0.099403261 -0.083821523 -0.068239784 -0.052658046 -0.037076307 -0.03625165 -0.042040482 -0.048232298 -0.054424115 -0.060615932 -0.065031117 -0.069721003 -0.075037432 -0.080353861
-0.036926826 -0.033458807 -0.028113092 -0.022767377 -0.017421662 -0.015779032 -0.014992516 -0.016141155 -0.018604814 -0.022403237 -0.028392626 -0.034382016 -0.040371406 -0.018147564 0.0050457196 0.028239003 0.036541724 0.035558386 0.024924146 0.0019404978 -0.02104315 -0.041017583 -0.043767603 -0.046378059 -0.036524456 -0.026670853 -0.031654821 -0.038052502 -0.044450182 -0.043447911 -0.039026733 -0.034605555 -0.036463574 -0.045843935 -0.052638677 -0.054774366 -0.05922044 -0.070282208 -0.081343976 -0.091611432 -0.076029694 -0.060447955 -0.044866217 -0.045510745 -0.047515791 -0.053304623 -0.05949644 -0.065688256 -0.069808347 -0.07318398 -0.077873866 -0.083190295 -0.088506724
-0.03567758 -0.032209561 -0.026863846 -0.021527209 -0.020740693 -0.019954177 -0.019167661 -0.0203163 -0.022779959 -0.025243618 -0.028372968 -0.034362358 -0.040351748 -0.018127906 0.0050653778 0.0092937922 0.0083104542 0.0073271161 -0.0033071244 -0.026290772 -0.043285263 -0.046035283 -0.048785302 -0.051395759 -0.041542155 -0.031688552 -0.021834949 -0.024770754 -0.031168435 -0.030166164 -0.025744985 -0.029342424 -0.038722786 -0.048103147 -0.054897889 -0.057033577 -0.059169266 -0.062490379 -0.073552148 -0.083819603 -0.068237865 -0.052764792 -0.054769839 -0.056774886 -0.058779932 -0.064568764 -0.070760581 -0.074585578 -0.07796121 -0.081336843 -0.086026729 -0.091343158 -0.09509633
-0.034428333 -0.030960315 -0.02648887 -0.025702354 -0.024915838 -0.024129322 -0.023342806 -0.024491445 -0.026955104 -0.029418763 -0.031882422 -0.034346081 -0.04033209 -0.018108248 -0.01795414 -0.018937478 -0.019920816 -0.020904154 -0.031538395 -0.045552943 -0.048302963 -0.051052982 -0.053803002 -0.056413458 -0.046559855 -0.036706252 -0.026852649 -0.016999045 -0.017886687 -0.016884416 -0.022221275 -0.031601636 -0.040981998 -0.050362359 -0.0571571 -0.059292789 -0.061428478 -0.063564167 -0.065760319 -0.076027774 -0.062023886 -0.064028933 -0.06603398 -0.068039027 -0.070044074 -0.075832905 -0.079362808 -0.082738441 -0.086114073 -0.089489706 -0.094179592 -0.097792288 -0.10085364
-0.033130938 -0.031629832 -0.030843316 -0.0300568 -0.029270284 -0.028483768 -0.027697252 -0.028613372 -0.031077031 -0.03354069 -0.036004349 -0.038468008 -0.040931666 -0.04196418 -0.042947518 -0.043930857 -0.044914195 -0.045897533 -0.047839993 -0.050590013 -0.053340032 -0.056090052 -0.058840071 -0.060390507 -0.051850542 -0.041996939 -0.032143336 -0.022289733 -0.01243613 -0.015738296 -0.025118657 -0.034499019 -0.04387938 -0.053259742 -0.060092597 -0.062228286 -0.064363975 -0.066499663 -0.068635352 -0.070767146 -0.072772193 -0.07477724 -0.076782287 -0.078787334 -0.080548693 -0.083261785 -0.086637417 -0.09001305 -0.093388683 -0.096764315 -0.099695622 -0.10275698 -0.10581833
-0.03484851 -0.037159367 -0.036372851 -0.035586335 -0.034799819 -0.034013303 -0.028687073 -0.029885107 -0.034850178 -0.037313837 -0.039777496 -0.042241155 -0.044704814 -0.045737328 -0.046720666 -0.047704004 -0.048687342 -0.050563326 -0.053004011 -0.05575403 -0.05850405 -0.061254069 -0.06178043 -0.056732851 -0.056617779 -0.049076714 -0.03922311 -0.029369507 -0.019515904 -0.022818071 -0.032198432 -0.041578793 -0.050959155 -0.061396596 -0.068784232 -0.069595962 -0.071731651 -0.07386734 -0.076003028 -0.078134823 -0.080139869 -0.082144916 -0.084149963 -0.085575232 -0.082067473 -0.084780565 -0.088156197 -0.09153183 -0.094907463 -0.096824727 -0.099465673 -0.10252703 -0.10558838
-0.040378045 -0.042688901 -0.041902385 -0.041115869 -0.039934304 -0.034184227 -0.02843415 -0.029632184 -0.035551752 -0.041086985 -0.043550644 -0.046014303 -0.048477962 -0.049510476 -0.050493814 -0.051477152 -0.0535284 -0.055727343 -0.058168028 -0.060918047 -0.063668067 -0.063225584 -0.058122774 -0.053075195 -0.052960123 -0.05284505 -0.046302885 -0.036449282 -0.026595679 -0.029897845 -0.039278206 -0.048658568 -0.059275098 -0.070401441 -0.077789078 -0.078439902 -0.079099327 -0.081235016 -0.083370705 -0.085502499 -0.087507546 -0.089512592 -0.090601771 -0.087094012 -0.083586253 -0.086299344 -0.089674977 -0.09305061 -0.094835692 -0.096594778 -0.099235724 -0.10229708 -0.10535843
-0.045907579 -0.048218436 -0.04743192 -0.045431459 -0.039681381 -0.033931304 -0.028181227 -0.029379261 -0.035298829 -0.041218397 -0.047137965 -0.04978745 -0.052251109 -0.053283623 -0.054294529 -0.056493473 -0.058692417 -0.06089136 -0.063332045 -0.066082064 -0.064670738 -0.059567928 -0.054465118 -0.049417539 -0.049302467 -0.049187395 -0.049072322 -0.043529056 -0.033675453 -0.036977619 -0.046357981 -0.057153599 -0.068279943 -0.079406287 -0.086793923 -0.087444748 -0.088095573 -0.088746398 -0.090738381 -0.092870175 -0.094875222 -0.09562831 -0.092120551 -0.088612792 -0.085105033 -0.087818124 -0.091087569 -0.092846656 -0.094605743 -0.096364829 -0.099005775 -0.10206713 -0.09966608
-0.051437114 -0.05374797 -0.050928613 -0.045178536 -0.039428458 -0.033678381 -0.027928304 -0.029126338 -0.035045906 -0.040965474 -0.046885042 -0.05280461 -0.056024257 -0.057259603 -0.059458547 -0.06165749 -0.063856434 -0.066055378 -0.068496062 -0.066115892 -0.061013082 -0.055910272 -0.050807463 -0.045759883 -0.045644811 -0.045529739 -0.045414667 -0.045299594 -0.040755228 -0.044057394 -0.055032101 -0.066158445 -0.077284789 -0.088411132 -0.095798769 -0.096449594 -0.097100418 -0.097751243 -0.098402068 -0.10023785 -0.10065485 -0.09714709 -0.093639331 -0.090131572 -0.086623813 -0.089098534 -0.09085762 -0.092616707 -0.094375794 -0.096134881 -0.098775826 -0.096133647 -0.093191086
-0.055177341 -0.055757006 -0.049636652 -0.043886574 -0.038136497 -0.03238642 -0.026636343 -0.027563129 -0.033482697 -0.039402265 -0.045321833 -0.051241401 -0.057160969 -0.057577145 -0.059776089 -0.061975033 -0.064173976 -0.06637292 -0.065368794 -0.060265985 -0.055163175 -0.050060365 -0.044957555 -0.04264783 -0.04210741 -0.041992337 -0.041877265 -0.041762193 -0.04164712 -0.049221024 -0.060347367 -0.071473711 -0.082600055 -0.093726399 -0.10284302 -0.10349385 -0.10414467 -0.1047955 -0.10544632 -0.10597317 -0.10246541 -0.098957652 -0.095449893 -0.091942134 -0.087674426 -0.088808984 -0.090568071 -0.092327157 -0.094086244 -0.095845331 -0.093310353 -0.090367792 -0.087425231
-0.054759869 -0.055339534 -0.046825191 -0.040180266 -0.034430189 -0.028680112 -0.022930035 -0.023676913 -0.02887486 -0.034794428 -0.040713996 -0.046633564 -0.052553132 -0.049633513 -0.048832186 -0.05103113 -0.053230073 -0.055429017 -0.054424892 -0.049322082 -0.044219272 -0.039116462 -0.038028425 -0.040851325 -0.039438358 -0.038734363 -0.03861929 -0.038504218 -0.038389146 -0.045963049 -0.057089393 -0.068215737 -0.07934208 -0.088174511 -0.096584577 -0.10513034 -0.10663323 -0.10728406 -0.10793488 -0.10846173 -0.10495397 -0.10144621 -0.09793845 -0.093394428 -0.086579063 -0.08805873 -0.090140029 -0.091899116 -0.093658203 -0.095417289 -0.091640295 -0.086249719 -0.083307158
-0.054342396 -0.054922062 -0.046407719 -0.037893376 -0.030723881 -0.024973804 -0.019223727 -0.019970605 -0.025132438 -0.030294272 -0.03610616 -0.042025728 -0.047945296 -0.045025677 -0.041802332 -0.040087227 -0.042286171 -0.044485114 -0.043480989 -0.038378179 -0.033275369 -0.03336159 -0.03623192 -0.039054821 -0.037641853 -0.036228886 -0.035361316 -0.035246244 -0.035131171 -0.042705074 -0.053831418 -0.064957762 -0.073438367 -0.081773129 -0.090183195 -0.098728954 -0.10727471 -0.10977261 -0.11042344 -0.11095028 -0.10744253 -0.10393477 -0.09911443 -0.092299065 -0.085483701 -0.086963367 -0.089326482 -0.091471075 -0.093230162 -0.094989248 -0.091212254 -0.084796045 -0.079189084
-0.053924924 -0.054504589 -0.045990247 -0.037475904 -0.028961562 -0.021267496 -0.015517419 -0.016264297 -0.02142613 -0.026587964 -0.031749797 -0.037417891 -0.043337459 -0.04041784 -0.037194495 -0.033971151 -0.031342268 -0.033541211 -0.032537086 -0.027434276 -0.028694755 -0.031565085 -0.034435416 -0.037258316 -0.035845349 -0.034432381 -0.033019414 -0.031988269 -0.031873197 -0.0394471 -0.050367461 -0.058702223 -0.067036985 -0.075371747 -0.083781813 -0.092327572 -0.10087333 -0.10941909 -0.112912 -0.11343884 -0.10993108 -0.10483443 -0.098019067 -0.091203703 -0.084388338 -0.085868005 -0.08823112 -0.090594235 -0.09280212 -0.094561207 -0.090784212 -0.084368004 -0.077951795
-0.054258725 -0.054087117 -0.045572775 -0.037058432 -0.028544089 -0.020029747 -0.011811111 -0.012557989 -0.017719822 -0.022881656 -0.028043489 -0.033205323 -0.038729622 -0.035810003 -0.032586659 -0.029363314 -0.02613997 -0.022916625 -0.021593183 -0.02402792 -0.02689825 -0.029768581 -0.032638911 -0.035461812 -0.034048844 -0.032635877 -0.031222909 -0.029809942 -0.028615222 -0.035631318 -0.043966079 -0.052300841 -0.060635603 -0.068970365 -0.077380431 -0.08592619 -0.094471949 -0.10301771 -0.11156347 -0.1159274 -0.11055443 -0.10373907 -0.096923704 -0.09010834 -0.083292975 -0.084772642 -0.087135757 -0.089498872 -0.091861987 -0.094133166 -0.090356171 -0.083939963 -0.077523754
-0.05509192 -0.048046604 -0.039532262 -0.031017919 -0.022503576 -0.013989234 -0.010050044 -0.014307391 -0.019172065 -0.024333898 -0.029495732 -0.034657566 -0.039819399 -0.036874608 -0.033651264 -0.030427919 -0.027204575 -0.024843752 -0.028915362 -0.031785692 -0.034656023 -0.037526353 -0.040396684 -0.031697513 -0.034790226 -0.033377259 -0.031964292 -0.030551324 -0.029138357 -0.034392703 -0.042727465 -0.051062227 -0.059396989 -0.06773175 -0.073596888 -0.080366674 -0.088912433 -0.097458191 -0.10600395 -0.11409175 -0.10727639 -0.10046102 -0.09364566 -0.086830296 -0.081290517 -0.083005667 -0.085368782 -0.087731897 -0.090095012 -0.091256465 -0.086410537 -0.079994328 -0.07357812
-0.045591346 -0.037764527 -0.029250184 -0.020735842 -0.012221499 -0.011455692 -0.019663743 -0.02392109 -0.025493767 -0.029677332 -0.034839165 -0.040000999 -0.045162832 -0.042218042 -0.038994697 -0.035771353 -0.034798101 -0.039808494 -0.043880104 -0.046750434 -0.049620765 -0.052491095 -0.040951206 -0.026310113 -0.032040074 -0.036033017 -0.034620049 -0.033207082 -0.031794115 -0.037048461 -0.045383223 -0.053717985 -0.06199041 -0.069825649 -0.075690168 -0.078003627 -0.083987951 -0.09253371 -0.10107947 -0.10916727 -0.10235191 -0.095536543 -0.088721179 -0.08338578 -0.079016932 -0.080732081 -0.083095196 -0.085458311 -0.086209512 -0.084657444 -0.079811516 -0.073395307 -0.066979099
-0.035309269 -0.02748245 -0.018968107 -0.010453764 -0.01286134 -0.021069391 -0.029277442 -0.033534789 -0.035107466 -0.036680142 -0.040182599 -0.045344432 -0.050506266 -0.047561475 -0.04433813 -0.04475245 -0.049762843 -0.054773236 -0.058844846 -0.061715176 -0.064585507 -0.050432999 -0.035563806 -0.020922713 -0.026652674 -0.032382635 -0.037275807 -0.03586284 -0.034449872 -0.039704219 -0.04803898 -0.05624845 -0.064083689 -0.071918929 -0.077783448 -0.080096907 -0.082410367 -0.087609228 -0.096154987 -0.10424279 -0.097427426 -0.090612062 -0.085481043 -0.081112195 -0.076743346 -0.078458496 -0.080821611 -0.081162559 -0.079610491 -0.078058423 -0.073212495 -0.066796287 -0.066763129
-0.025027191 -0.017200372 -0.0086860298 -0.014266988 -0.022475039 -0.03068309 -0.038891141 -0.043148488 -0.044721164 -0.046293841 -0.047866518 -0.050687866 -0.055849699 -0.052904908 -0.054706798 -0.059717192 -0.064727585 -0.069737978 -0.073809587 -0.074783984 -0.059914792 -0.045045599 -0.030176406 -0.015535313 -0.021265274 -0.026995235 -0.032725196 -0.038455157 -0.03710563 -0.042359976 -0.050506491 -0.05834173 -0.066176969 -0.074012208 -0.079876727 -0.082190187 -0.084503646 -0.086817106 -0.091230506 -0.09931831 -0.092502945 -0.087576306 -0.083207458 -0.078838609 -0.074469761 -0.07618491 -0.076115606 -0.074563538 -0.07301147 -0.071459402 -0.066613474 -0.067621931 -0.077926865
