mean_models/J1_mean_vp_slide_diff2_120.dat.tif
NCOLS 118
NROWS 92
XLLCORNER 139.62
YLLCORNER -39.07
DX 0.099491525
DY 0.099347826
NODATA_VALUE -9999
[rows 24 to 47 of 92, columns 54 to 107 of 118]
0.099948905 0.096483935 0.093018965 0.089553995 0.086089025 0.082624055 0.086643611 0.095749217 0.10485482 0.11396043 0.12306604 0.12967445 0.12725479 0.12483298 0.12241118 0.11998937 0.11756757 0.11497839 0.11228254 0.10958669 0.10689084 0.10419499 0.1013054 0.081113497 0.060921598 0.040729699 0.0205378 0.00034590092 -0.0019106994 0.0035585187 0.0090277368 0.014496955 0.019966173 0.018745594 0.0054706092 -0.0078043761 -0.021079361 -0.034354347 -0.047592714 -0.039239348 -0.029460306 -0.019681265 -0.0099022232 -0.00012318165 -0.0054319263 -0.015969035 -0.026506145 -0.037043254 -0.047580363 -0.055508803 -0.060166002 -0.0648232 -0.069480398 -0.074137597
0.099313909 0.098676383 0.095211413 0.091746443 0.088281473 0.084816503 0.08635042 0.093773542 0.10287915 0.11198475 0.12109036 0.13019597 0.12500323 0.12253639 0.12011458 0.11769278 0.11527097 0.11272895 0.1100331 0.10733725 0.1046414 0.10194555 0.10012157 0.078290758 0.058098859 0.03790696 0.017715061 -0.0024768378 -0.0051168824 0.00035233574 0.0058215538 0.011290772 0.011718387 0.0073582104 0.0066090449 -0.0066659404 -0.019940926 -0.033215911 -0.045803596 -0.036024554 -0.026245513 -0.016466471 -0.0066874295 -0.0054935208 -0.011891246 -0.02234566 -0.032882769 -0.043419878 -0.053956987 -0.051927328 -0.053868041 -0.058525239 -0.063182437 -0.067839636
0.10065595 0.10084214 0.10089749 0.097432521 0.093967551 0.090502581 0.092036497 0.096967368 0.10359826 0.11270386 0.12180947 0.13091508 0.12572234 0.1200383 0.1170217 0.11459989 0.11217809 0.10963607 0.10694021 0.10424436 0.101685 0.10011617 0.098321682 0.07637479 0.054427898 0.034130897 0.013938998 -0.0062529007 -0.0088929453 -0.0034237272 0.0020454909 0.00036794996 -0.010866333 -0.01522651 -0.0072001717 -0.0052647133 -0.018539699 -0.031814684 -0.044402369 -0.034623327 -0.024844285 -0.015065244 -0.014753472 -0.015533993 -0.021931718 -0.028927694 -0.03901105 -0.049548159 -0.060085268 -0.05805561 -0.050035001 -0.051185971 -0.055843169 -0.060500368
0.10199799 0.10218418 0.10237037 0.10255657 0.099653628 0.096188658 0.097722575 0.10265345 0.10758432 0.11342297 0.12252858 0.13163419 0.12644145 0.12075741 0.11507337 0.111507 0.1090852 0.10654318 0.10384733 0.10145395 0.099885114 0.09831628 0.096521795 0.074574903 0.052628011 0.030681119 0.010162935 -0.010028964 -0.012669008 -0.0071997901 -0.010982488 -0.02221677 -0.033451053 -0.03781123 -0.029784892 -0.021758554 -0.017138471 -0.030413457 -0.043001141 -0.0332221 -0.023443058 -0.024013423 -0.024793944 -0.025574464 -0.03197219 -0.038968166 -0.045964142 -0.055676441 -0.06621355 -0.064183891 -0.056163282 -0.048142673 -0.048503902 -0.0531611
0.10334003 0.10352622 0.10371242 0.10389861 0.1040848 0.10187474 0.10340865 0.10833952 0.11327039 0.11820127 0.12324769 0.1323533 0.12716056 0.12147652 0.11579248 0.11010844 0.10599231 0.10345029 0.1012229 0.099654062 0.098085228 0.096516394 0.094721908 0.072775016 0.050828124 0.028881233 0.0069343406 -0.013805026 -0.016445071 -0.022332925 -0.033567208 -0.04480149 -0.056035773 -0.06039595 -0.052369612 -0.044343274 -0.036316936 -0.02901223 -0.041599914 -0.032492853 -0.033273374 -0.034053895 -0.034834415 -0.035614936 -0.042012662 -0.049008638 -0.056004614 -0.06300059 -0.072341831 -0.070312172 -0.062291563 -0.054270954 -0.046250346 -0.045821832
0.1033744 0.10356059 0.10374678 0.10393297 0.10411916 0.10430536 0.10564583 0.1105767 0.11550757 0.12043844 0.12536931 0.13030018 0.12610269 0.12041864 0.1147346 0.10905056 0.10336652 0.099487702 0.097918868 0.096350034 0.0947812 0.093212366 0.091666066 0.071823544 0.049876652 0.02792976 0.0059828684 -0.015964024 -0.030583637 -0.041817919 -0.053052202 -0.064286485 -0.075520768 -0.080315432 -0.072289094 -0.064262756 -0.056236418 -0.04821008 -0.040446297 -0.041226818 -0.042007339 -0.042787859 -0.04356838 -0.044642869 -0.051088708 -0.058084684 -0.06508066 -0.072076636 -0.079072612 -0.07612216 -0.068101552 -0.060080943 -0.052060334 -0.044039725
0.10189234 0.093629214 0.093015948 0.09320214 0.093388331 0.093574522 0.088866762 0.084421374 0.089352245 0.094283116 0.099213987 0.10414486 0.10747477 0.10473205 0.099048004 0.093363963 0.087679922 0.083801103 0.082232269 0.080663435 0.079094601 0.077612308 0.076330778 0.073360486 0.055909602 0.03396271 0.012015818 -0.0099310739 -0.024550687 -0.03578497 -0.047019253 -0.058253535 -0.070802399 -0.077055962 -0.070267471 -0.062241133 -0.054214795 -0.046188457 -0.038424675 -0.039205195 -0.039985716 -0.040766237 -0.043003968 -0.05770901 -0.055688256 -0.059221265 -0.066217241 -0.073213218 -0.080209194 -0.078345144 -0.071291251 -0.063270642 -0.055250033 -0.047229424
0.10121424 0.092951112 0.084687986 0.082471306 0.082657498 0.082843689 0.078135928 0.07010252 0.063196921 0.068127792 0.073058664 0.077989535 0.081319445 0.084594344 0.083361405 0.077677364 0.071993323 0.068114504 0.06654567 0.064976836 0.063539641 0.06227702 0.06099549 0.058025198 0.055054907 0.039995659 0.018048768 -0.0038981244 -0.018517738 -0.02975202 -0.040986303 -0.053809061 -0.067216576 -0.073470139 -0.066832928 -0.060195717 -0.052193173 -0.044166835 -0.036403052 -0.037183573 -0.037964094 -0.041365067 -0.056070109 -0.070775152 -0.068754397 -0.064952291 -0.067353823 -0.074349799 -0.081345775 -0.079481725 -0.073393839 -0.066460341 -0.058439733 -0.050419124
0.10053614 0.09227301 0.084009884 0.075746757 0.071926664 0.072112855 0.067405095 0.059371687 0.051338279 0.043304872 0.04690334 0.051834211 0.055164122 0.058439021 0.06171392 0.061990765 0.056306724 0.052427905 0.050859071 0.049466974 0.048204353 0.046941732 0.045660201 0.04268991 0.039719619 0.036749327 0.024081717 0.0021348252 -0.012484788 -0.023719071 -0.036815723 -0.050223239 -0.063630754 -0.069884317 -0.063247106 -0.056609895 -0.049972684 -0.042145212 -0.034381429 -0.03516195 -0.039726166 -0.054431208 -0.069136251 -0.083841293 -0.081820539 -0.078018432 -0.074216325 -0.07548638 -0.082482357 -0.080618307 -0.07453042 -0.068442534 -0.061629432 -0.053608823
0.099858035 0.091594909 0.083331782 0.075068656 0.066805529 0.061382022 0.056674261 0.048640853 0.040607446 0.032574038 0.02454063 0.025678888 0.029008798 0.032283697 0.035558597 0.038833496 0.040620125 0.036741306 0.035394307 0.034131686 0.032869065 0.031606444 0.030324913 0.027354622 0.024384331 0.021414039 0.018443748 0.0081677748 -0.0064518384 -0.019822385 -0.033229901 -0.046637416 -0.060044932 -0.066298495 -0.059661283 -0.053024072 -0.046386861 -0.03974965 -0.032359807 -0.038087265 -0.052792307 -0.06749735 -0.082202392 -0.096907435 -0.094886681 -0.091084574 -0.087282467 -0.08348036 -0.083618938 -0.081754888 -0.075667002 -0.069579115 -0.063491229 -0.056798523
0.099721237 0.093353226 0.0850901 0.076826973 0.068563847 0.06030072 0.053572466 0.045539058 0.037505651 0.029472243 0.021438835 0.013405428 0.00837301 0.011647909 0.014922808 0.018197708 0.021472607 0.022757027 0.021494405 0.020231784 0.018969163 0.017706542 0.018184596 0.017093769 0.014123478 0.011153186 0.008182895 0.0052126036 -0.0048966068 -0.018304122 -0.031711638 -0.045119153 -0.058526669 -0.066248234 -0.060800792 -0.054163581 -0.04752637 -0.040889159 -0.034888216 -0.049593259 -0.064298301 -0.079003344 -0.093708386 -0.10448222 -0.10953754 -0.10573543 -0.10193332 -0.098131218 -0.094329111 -0.0820696 -0.075981714 -0.069893827 -0.063805941 -0.057718054
0.095687715 0.095494595 0.090866744 0.082603617 0.074340491 0.066077364 0.059765154 0.054778675 0.046986241 0.038952833 0.030919426 0.022886018 0.0087698765 0.00011535444 0.0033902537 0.0066651529 0.0099400521 0.011224472 0.0099618506 0.0086992295 0.0074366083 0.0085929262 0.011183382 0.012654167 0.012231765 0.0092614741 0.0062911828 0.0033208914 -0.006788319 -0.020195834 -0.03360335 -0.047010866 -0.051701374 -0.057489859 -0.066229533 -0.063096463 -0.056459252 -0.049822041 -0.043821098 -0.05852614 -0.073231183 -0.087936225 -0.097401085 -0.099883496 -0.11419054 -0.12299992 -0.11919782 -0.11539571 -0.1115936 -0.094822984 -0.074940937 -0.068853051 -0.062765164 -0.056677278
0.091654194 0.091461074 0.091267953 0.088380261 0.080117135 0.071854008 0.065541799 0.060555319 0.055568839 0.048433424 0.040400016 0.032366608 0.018250467 0.0039253152 -0.0081423011 -0.0048674019 -0.0015925027 -0.00030808302 -0.0015707042 -0.0028333253 -0.001011281 0.0015917121 0.004182168 0.0056529531 0.0071237382 0.0073697619 0.0043994706 0.0014291792 -0.0086800312 -0.022087547 -0.034641651 -0.038792325 -0.042942999 -0.048731484 -0.057471158 -0.066210831 -0.065392133 -0.058754922 -0.052753979 -0.067459022 -0.082164064 -0.090319949 -0.09280236 -0.095284771 -0.10959181 -0.12515822 -0.13646231 -0.1326602 -0.1288581 -0.11208748 -0.089134384 -0.067812274 -0.061724388 -0.055636501
0.087620672 0.087427552 0.087234432 0.087041311 0.085893779 0.077630653 0.071318443 0.066331963 0.061345483 0.056359003 0.049880606 0.041847198 0.027731057 0.013405905 -0.00091924616 -0.015244398 -0.013125058 -0.011840638 -0.013103259 -0.010615488 -0.0080124951 -0.005409502 -0.0028190461 -0.001348261 0.0001225241 0.0015933092 0.0025077584 -0.00046253295 -0.010571743 -0.021732603 -0.025883277 -0.03003395 -0.034184624 -0.03997311 -0.048712783 -0.057452457 -0.06619213 -0.067687803 -0.06168686 -0.076391903 -0.083238814 -0.085721225 -0.088203636 -0.090686047 -0.10499309 -0.1205595 -0.1361259 -0.1499247 -0.14612259 -0.12935197 -0.10639888 -0.083445783 -0.060683611 -0.054595725
0.08358715 0.08339403 0.08320091 0.08300779 0.08281467 0.082621549 0.077095087 0.072108607 0.067122127 0.062135648 0.057149168 0.051327789 0.037211647 0.022886496 0.0085613441 -0.0057638075 -0.020088959 -0.022822688 -0.020219695 -0.017616702 -0.015013709 -0.012410716 -0.0098202602 -0.0083494751 -0.00687869 -0.0054079049 -0.0039371198 -0.0024663347 -0.0088235542 -0.012974228 -0.017124902 -0.021275576 -0.025426249 -0.031214735 -0.039954408 -0.048694082 -0.057433755 -0.066173429 -0.070619742 -0.076157678 -0.078640089 -0.0811225 -0.083604911 -0.086087322 -0.10039437 -0.11596077 -0.13152718 -0.14709358 -0.16265999 -0.14661646 -0.12366337 -0.10071028 -0.077757183 -0.05480409
0.073535094 0.073341974 0.073148854 0.072955734 0.072762614 0.077225461 0.076003244 0.070010416 0.065023936 0.060037457 0.055050977 0.050064497 0.036049574 0.021724422 0.0073992709 -0.0069258808 -0.017143505 -0.017073816 -0.014470823 -0.01186783 -0.0092648367 -0.0066618436 -0.014556826 -0.0013330502 0.00013773488 0.00160852 0.0030793051 0.0045500902 0.002175874 -0.0019747998 -0.0061254736 -0.010276147 -0.017171741 -0.031599791 -0.041031266 -0.049770939 -0.058510613 -0.067250286 -0.075803415 -0.078285826 -0.080768237 -0.083250648 -0.085733059 -0.096404988 -0.1117903 -0.12735671 -0.14292311 -0.15848952 -0.16112339 -0.14258723 -0.11963414 -0.096681049 -0.073727956 -0.056190082
0.061447488 0.061254367 0.061061247 0.060868127 0.067323789 0.076372365 0.075150148 0.066948493 0.060262368 0.055275888 0.050289408 0.045302929 0.031288006 0.016962854 0.0026377023 -0.005172321 -0.0070823774 -0.0070126889 -0.0044096958 -0.0018067027 7.6708097e-05 -0.0094656347 -0.018732674 -0.0034130445 0.011895118 0.013365903 0.014836688 0.016307473 0.013933257 0.0097825835 0.0056319096 -0.0031707501 -0.019992139 -0.03442019 -0.044535662 -0.054174208 -0.062913881 -0.071653555 -0.080206683 -0.082689094 -0.085171505 -0.087653916 -0.099525575 -0.11321054 -0.12859585 -0.14416226 -0.15972866 -0.15916341 -0.14989234 -0.13135618 -0.10840309 -0.085449993 -0.068911466 -0.057662158
0.049359881 0.049166761 0.04897364 0.057422117 0.066470693 0.07551927 0.074297053 0.066095398 0.057893743 0.05051432 0.04552784 0.04054136 0.026526437 0.012201285 0.0067988625 0.0048888061 0.0029787497 0.0030484382 0.0056514313 0.0054432025 -0.0040991402 -0.013641483 -0.022908523 -0.0075888928 0.0077307372 0.023050367 0.026594072 0.028064857 0.025690641 0.021539967 0.01083024 -0.0059911485 -0.022812537 -0.037240588 -0.04735606 -0.057471533 -0.06731715 -0.076056823 -0.084609951 -0.087092362 -0.089574774 -0.10264616 -0.11633112 -0.13001609 -0.1454014 -0.1609678 -0.15720344 -0.14793236 -0.13866128 -0.12012512 -0.09717203 -0.081632849 -0.070383541 -0.059134233
0.037272274 0.038471868 0.047520445 0.056569021 0.065617598 0.074666174 0.073443957 0.065242302 0.057040647 0.048838992 0.040766271 0.035779792 0.021764869 0.018770046 0.01685999 0.014949933 0.013039877 0.013109565 0.010809697 0.0012673542 -0.0082749885 -0.017817331 -0.027084371 -0.011764741 0.0035548889 0.018874519 0.034194149 0.03982224 0.037448024 0.024831231 0.008009842 -0.0088115469 -0.025632936 -0.040060986 -0.050176459 -0.060291931 -0.070407403 -0.080460092 -0.08901322 -0.092081787 -0.10576675 -0.11945171 -0.13313667 -0.14682163 -0.16220695 -0.15524346 -0.14597238 -0.1367013 -0.12743022 -0.10889407 -0.094354232 -0.083104925 -0.071855617 -0.060606309
0.027602343 0.036650919 0.045699496 0.054748072 0.063796649 0.072845226 0.073592932 0.065391277 0.057189622 0.048987967 0.040786312 0.032584657 0.029028593 0.027118537 0.02520848 0.023298424 0.021388368 0.016130247 0.0065879042 -0.0029544386 -0.012496781 -0.022039124 -0.030635479 -0.017494754 -0.0021751238 0.013144506 0.028464136 0.043783766 0.037119377 0.020297988 0.0034765996 -0.013344789 -0.030166178 -0.041634036 -0.051749508 -0.06186498 -0.071980453 -0.082095925 -0.092317813 -0.10600278 -0.11968774 -0.1333727 -0.14705766 -0.16116171 -0.15429658 -0.1450255 -0.13575442 -0.12648334 -0.11721227 -0.1061701 -0.094920788 -0.08367148 -0.072422172 -0.061172864
0.02269097 0.027930442 0.036578943 0.045627519 0.054676096 0.063724672 0.070923353 0.07309792 0.064896265 0.05669461 0.048492955 0.0402913 0.028016524 0.022550228 0.020640171 0.018730115 0.016820059 0.011561938 0.0020195952 -0.0075227475 -0.01706509 -0.024710615 -0.02776792 -0.030493237 -0.019626732 -0.0043071021 0.011012528 0.026332158 0.019667769 0.0028463802 -0.013975009 -0.030796398 -0.043055399 -0.047344877 -0.043914981 -0.054030453 -0.064145925 -0.074261398 -0.084483286 -0.098168248 -0.11185321 -0.12553817 -0.14078651 -0.16816911 -0.15458559 -0.14244838 -0.1331773 -0.12390622 -0.11463514 -0.1016749 -0.088657858 -0.077408551 -0.066159243 -0.054909935
0.018102369 0.023341841 0.028581314 0.036506966 0.045555543 0.054604119 0.0618028 0.067744398 0.072602909 0.064401254 0.056199599 0.047997944 0.035723168 0.023308434 0.016071862 0.014161806 0.01225175 0.006993629 -0.0025487138 -0.012091057 -0.018782034 -0.021843057 -0.024900362 -0.027625679 -0.030350996 -0.02175871 -0.0064390803 0.0088805497 0.0022161608 -0.014605228 -0.031426617 -0.04275028 -0.052150164 -0.056439642 -0.051520631 -0.04660162 -0.056311398 -0.066426871 -0.076648759 -0.09033372 -0.10401868 -0.12041131 -0.14779391 -0.17517652 -0.16159299 -0.14364644 -0.13060017 -0.12132909 -0.11205802 -0.099097773 -0.084378798 -0.071145621 -0.059896314 -0.048647006
0.013513767 0.01875324 0.023992712 0.029232185 0.036434989 0.045483566 0.052682247 0.058623845 0.064565443 0.070507042 0.063906242 0.055704587 0.043429811 0.031015078 0.018600344 0.0095934971 0.0076834407 0.00242532 -0.0071170227 -0.012853453 -0.015914475 -0.018975498 -0.022032803 -0.02475812 -0.027483437 -0.030208754 -0.023890689 -0.0085710585 -0.015235447 -0.032056836 -0.042445161 -0.051845045 -0.061244929 -0.065534407 -0.060615396 -0.055696385 -0.050777373 -0.058592343 -0.068814231 -0.082499193 -0.10003611 -0.12741871 -0.15480132 -0.18218392 -0.1686004 -0.15065385 -0.1327073 -0.11875197 -0.10948089 -0.096520648 -0.081801673 -0.067082698 -0.053633384 -0.042384077
0.0089251661 0.014164639 0.019404111 0.024643584 0.029883056 0.036363013 0.043561694 0.049503292 0.05544489 0.061386489 0.067328087 0.063411231 0.051136455 0.038721721 0.026306988 0.013892254 0.0031151317 -0.002142989 -0.0069248712 -0.0099858938 -0.013046916 -0.016107939 -0.019165244 -0.021890561 -0.024615878 -0.027341195 -0.030066512 -0.026022667 -0.032687056 -0.042140042 -0.051539926 -0.06093981 -0.070339694 -0.074629172 -0.069710161 -0.06479115 -0.059872138 -0.054953127 -0.060979704 -0.079660907 -0.10704351 -0.13442612 -0.16180872 -0.18919132 -0.1756078 -0.15766125 -0.1397147 -0.12176815 -0.10690377 -0.093943523 -0.079224548 -0.064505573 -0.049786597 -0.036121147
