mean_models/J1_mean_vp_slide_diff2_180.dat.tif
NCOLS 118
NROWS 92
XLLCORNER 139.62
YLLCORNER -39.07
DX 0.099491525
DY 0.099347826
NODATA_VALUE -9999
[rows 24 to 47 of 92, columns 55 to 109 of 118]
0.081116768 0.079495234 0.077873699 0.076252165 0.074630631 0.07598979 0.079374456 0.082759122 0.086143789 0.089528455 0.091384226 0.088986308 0.086482196 0.083978085 0.081473974 0.078969863 0.077655074 0.078733083 0.079811092 0.080889101 0.08196711 0.08291539 0.072277869 0.061640348 0.051002827 0.040365305 0.029727784 0.027527283 0.027210412 0.026893541 0.02657667 0.026259798 0.02379165 0.017447094 0.011102538 0.0047579824 -0.0015865734 -0.0091582704 0.00029578629 0.010899632 0.021503478 0.032107324 0.042711169 0.038349093 0.028818953 0.019288812 0.0097586723 0.00022853213 -0.007606859 -0.013447808 -0.019288756 -0.025129704 -0.030970653 -0.032633086 -0.031899833
0.07916289 0.077541356 0.075919822 0.074298288 0.072676753 0.074043317 0.077432996 0.080817662 0.084202328 0.087586994 0.09097166 0.088677688 0.086173784 0.083669673 0.081165562 0.078661451 0.077728712 0.078806721 0.079884731 0.08096274 0.082040749 0.077808767 0.066468454 0.055830933 0.045193412 0.034555891 0.023918369 0.020340032 0.020023161 0.01970629 0.019389419 0.01725826 0.019128179 0.026300147 0.019955592 0.013611036 0.00726648 0.0014272002 0.012031046 0.022634892 0.033238738 0.043842583 0.045067637 0.034334394 0.02475178 0.01522164 0.0056914998 -0.0038386404 -0.00094707657 -0.0036480328 -0.0094889812 -0.01532993 -0.021170878 -0.023606928 -0.023197177
0.080147309 0.077153688 0.075532154 0.07391062 0.072289086 0.073655649 0.077052752 0.08044479 0.083829457 0.087214123 0.090598789 0.088304817 0.08581572 0.083314346 0.080810235 0.078306123 0.077373385 0.078451394 0.079529404 0.079956819 0.075662839 0.071290281 0.059900191 0.048510101 0.03782751 0.027189989 0.016552468 0.012974131 0.012657259 0.012340388 0.0094516606 0.0031238119 0.004993731 0.021635284 0.031704212 0.025359656 0.0190151 0.01317582 0.023779666 0.034383512 0.044987358 0.045248725 0.044316821 0.033583578 0.02180646 0.011988397 0.0024582565 -0.0070718837 -0.0041803199 0.0046330374 0.0028449457 -0.0029960028 -0.0088369513 -0.011273001 -0.011888655
0.081452782 0.078408164 0.075363545 0.073522952 0.071901418 0.073267982 0.076665084 0.080062187 0.083456585 0.086841251 0.090225917 0.087931945 0.085442848 0.082953751 0.080454908 0.077950796 0.077018058 0.078096067 0.077732314 0.073438334 0.069144353 0.064771796 0.053381705 0.041991615 0.030601525 0.019824088 0.0091865663 0.0056082291 0.005291358 0.0016450616 -0.0046827871 -0.011010636 -0.0091407168 0.0075008365 0.02414239 0.037108276 0.030763721 0.024924441 0.035528287 0.046132132 0.045429813 0.044497909 0.043566005 0.032832762 0.021055644 0.0092785258 -0.00077498682 -0.010305127 -0.0074135632 0.0013997941 0.010213151 0.0093379241 0.0034969757 0.0010609255 0.00044527192
0.082758255 0.079713636 0.076669018 0.0736244 0.07151375 0.072880314 0.076277416 0.079674519 0.083071621 0.08646838 0.089853046 0.087559074 0.085069977 0.08258088 0.080091783 0.077595469 0.076662731 0.075507809 0.071213829 0.066919848 0.062625867 0.05825331 0.04686322 0.03547313 0.024083039 0.012692949 0.0018206648 -0.0017576724 -0.0061615374 -0.012489386 -0.018817235 -0.025145084 -0.023275165 -0.0066336113 0.010007942 0.026649495 0.042512341 0.036673061 0.046542805 0.045610901 0.044678997 0.043747093 0.042815189 0.032081946 0.020304828 0.0085277099 -0.0032494081 -0.01353837 -0.010646806 -0.0018334492 0.0069799081 0.015793265 0.015830903 0.013394852 0.012779199
0.083562179 0.080517561 0.077472943 0.074428324 0.071383706 0.071513017 0.07491012 0.078307223 0.081704325 0.085101428 0.08849853 0.085468264 0.082979167 0.08049007 0.078000973 0.075511876 0.072231028 0.067937048 0.063643067 0.059349087 0.055055106 0.05207176 0.042031535 0.030641445 0.019251354 0.0078612641 -0.003528826 -0.011456412 -0.017784261 -0.02411211 -0.030439958 -0.036767807 -0.035852354 -0.019210801 -0.0025692477 0.014072306 0.030713859 0.046831502 0.045899598 0.044967694 0.04403579 0.043103886 0.041918033 0.03114776 0.019370642 0.0075935242 -0.0041835938 -0.015960712 -0.014444675 -0.0056313176 0.0031820397 0.011995397 0.020808754 0.0244266 0.023810946
0.080121712 0.077192579 0.074147961 0.071103343 0.068058724 0.065793394 0.065478207 0.068875309 0.072272412 0.075669514 0.079066617 0.071145801 0.066745732 0.064256635 0.061767538 0.059278441 0.055997593 0.051703613 0.047409632 0.043115652 0.041674558 0.047419533 0.048202138 0.039696048 0.028305957 0.016915867 0.0055257771 -0.0024018089 -0.0087296577 -0.015057506 -0.021385355 -0.026781858 -0.027264257 -0.018968139 -0.0023265853 0.014314968 0.030956521 0.047074164 0.04614226 0.045210356 0.044278452 0.042087714 0.029126895 0.025700327 0.016926897 0.0051497791 -0.0066273389 -0.018404457 -0.020064521 -0.014077362 -0.0052640051 0.0035493521 0.012362709 0.020404065 0.024122729
0.075344561 0.073520491 0.07082298 0.067778361 0.064733743 0.062468412 0.06073264 0.059443396 0.062840498 0.066237601 0.069634703 0.061713888 0.053404175 0.0480232 0.045534103 0.043045006 0.039764159 0.035470178 0.031176198 0.031221792 0.037022332 0.042767307 0.043549911 0.044332515 0.037360561 0.02597047 0.01458038 0.0066527942 0.00032494549 -0.0060029032 -0.011205359 -0.015993529 -0.016475929 -0.0091997194 -0.00192351 0.01455763 0.031199184 0.047316826 0.046384922 0.045453018 0.042257396 0.029296576 0.016335756 0.012909188 0.01049805 0.0027060339 -0.0090710841 -0.020848202 -0.022508266 -0.019345232 -0.01371005 -0.0048966927 0.0039166646 0.01195802 0.019586632
0.07056741 0.06874334 0.066919269 0.06445338 0.061408761 0.059143431 0.057407659 0.055671887 0.053936115 0.056805687 0.06020279 0.052281974 0.043972261 0.035662548 0.029300668 0.026811571 0.023530724 0.019236743 0.020769025 0.026569566 0.032370106 0.038115081 0.038897685 0.039680289 0.040462893 0.035025074 0.023634983 0.015707397 0.0093795486 0.0043711398 -0.00041703063 -0.0052052011 -0.0056876005 0.001588609 0.0088648184 0.016141028 0.031441846 0.047559489 0.046627585 0.042427077 0.029466257 0.016505438 0.0035446182 0.0001180501 -0.0022930888 -0.0047042276 -0.011514829 -0.023291947 -0.024952011 -0.021788977 -0.018625942 -0.013342738 -0.0045293803 0.0035119753 0.011140587
0.06579026 0.063966189 0.062142119 0.060318048 0.05808378 0.055818449 0.054082677 0.052346906 0.050611134 0.048875362 0.050770876 0.042850061 0.034540348 0.026230635 0.017920922 0.010578137 0.0072972891 0.010316259 0.016116799 0.021917339 0.02771788 0.033462855 0.034245459 0.035028063 0.035810667 0.036593271 0.032689587 0.024762001 0.019947639 0.015159468 0.010371298 0.0055831273 0.0051007279 0.012376937 0.019653147 0.026929356 0.034205566 0.047802151 0.042596758 0.029635939 0.016675119 0.0037142994 -0.0092465201 -0.012673088 -0.015084227 -0.017495366 -0.019906505 -0.025735692 -0.027395756 -0.024232722 -0.021069687 -0.017906653 -0.012975425 -0.0049340696 0.0026945426
0.061733447 0.059909377 0.058085306 0.056261236 0.054437165 0.053063657 0.051327885 0.049592113 0.047856341 0.04612057 0.044384798 0.038852355 0.030542642 0.022232929 0.013923216 0.0056135029 0.0034935517 0.0092940919 0.015094632 0.020895172 0.026695712 0.030783476 0.033926254 0.034708858 0.035491462 0.036274066 0.03705667 0.03402894 0.02924077 0.024452599 0.019664429 0.014876259 0.0093517472 0.015553411 0.02282962 0.03010583 0.037382039 0.04405493 0.031094111 0.018133291 0.0051724717 -0.0077883479 -0.017855819 -0.019293317 -0.021704456 -0.024115595 -0.026526734 -0.028937872 -0.025925152 -0.022762117 -0.019599083 -0.016436048 -0.013273014 -0.0070458059 0.00058280627
0.058328379 0.0570406 0.05521653 0.053392459 0.051568389 0.050313313 0.049444894 0.04777772 0.046041948 0.044306176 0.042570404 0.039968523 0.035507442 0.027197729 0.018888016 0.010578303 0.0084583513 0.014258892 0.020059432 0.025859972 0.029229467 0.031194257 0.037553831 0.041535997 0.042318601 0.043101205 0.04388381 0.04085608 0.036067909 0.031279739 0.026491568 0.021517787 0.015952114 0.009340621 0.01345205 0.020728259 0.028004469 0.034677359 0.02171654 0.0087557203 -0.0042050992 -0.013309173 -0.017274203 -0.017452498 -0.018147156 -0.020558295 -0.022969434 -0.025380572 -0.02129113 -0.014835673 -0.011672638 -0.0085096036 -0.005346569 0.00097176643 0.0089180889
0.054012364 0.053378816 0.052347753 0.050523683 0.048699612 0.047444537 0.046576118 0.045707699 0.044227554 0.042491782 0.04075601 0.03815413 0.035522488 0.032162528 0.023852815 0.015543102 0.013423151 0.019223691 0.025024231 0.027724669 0.029640249 0.031605039 0.037964612 0.044324186 0.049145741 0.049928345 0.050710949 0.047683219 0.042895049 0.038088707 0.03310343 0.028118154 0.022552482 0.015940988 0.0093294948 0.011350688 0.018626898 0.025299788 0.012338969 -0.00062185059 -0.0087625261 -0.012727556 -0.016692586 -0.016870882 -0.016645878 -0.017000995 -0.019412133 -0.021823272 -0.01773383 -0.010545368 -0.0037461934 -0.00058315887 0.0025798757 0.0088982111 0.016903498
0.049696349 0.049062801 0.048429253 0.047654906 0.045830836 0.04457576 0.043707342 0.042838923 0.041970504 0.040677389 0.038941617 0.036339736 0.033708095 0.031076453 0.028444812 0.020507902 0.018387951 0.024188491 0.02621987 0.02813545 0.030051031 0.032015821 0.038375394 0.044734967 0.051094541 0.056755484 0.057538088 0.054510359 0.04967435 0.044689074 0.039703798 0.034718521 0.029152849 0.022541355 0.015929862 0.0093183685 0.0092493267 0.015922218 0.0029613981 -0.0042158795 -0.0081809094 -0.012145939 -0.016110969 -0.016289265 -0.016064261 -0.015839257 -0.015854833 -0.018265972 -0.01417653 -0.006988068 0.00020039366 0.0073432858 0.01050632 0.016824656 0.024829943
0.045380334 0.044746786 0.044113238 0.04347969 0.042846142 0.041706984 0.040838565 0.039970146 0.039101727 0.038233308 0.037127223 0.034525342 0.031893701 0.02926206 0.026630419 0.023998777 0.022799491 0.024715071 0.026630652 0.028546232 0.030461812 0.032426602 0.038786176 0.045145749 0.051505322 0.057864896 0.064224469 0.061259994 0.056274717 0.051289441 0.046304165 0.041318888 0.035753216 0.029141723 0.022530229 0.015918736 0.0093072423 0.0065446467 0.00033076718 -0.0036342627 -0.0075992926 -0.011564323 -0.015529352 -0.015707648 -0.015482644 -0.01525764 -0.015032636 -0.014807633 -0.01061923 -0.0034307679 0.0037576938 0.010946155 0.018134617 0.024751101 0.032756388
0.037287645 0.036654097 0.036020549 0.035387001 0.036576797 0.037151791 0.036222425 0.035354007 0.034485588 0.033617169 0.03274875 0.030175682 0.027544041 0.0249124 0.022280759 0.022492045 0.026678531 0.028594111 0.030509692 0.032425272 0.034340853 0.034673388 0.030373798 0.036733371 0.043092945 0.049452518 0.055812092 0.054411942 0.049426666 0.04444139 0.039456113 0.033774624 0.026613637 0.020666382 0.014054888 0.007443395 0.00083190153 -0.0057006939 -0.0096657238 -0.013630754 -0.017595784 -0.021560814 -0.021527562 -0.021179426 -0.020954422 -0.020729418 -0.020504414 -0.019286569 -0.01373054 -0.0065420784 0.00064638327 0.007834845 0.018382109 0.028631835 0.036637123
0.027917633 0.027284085 0.026650537 0.028620748 0.031606383 0.032181376 0.031118238 0.030146885 0.029278466 0.028410047 0.027541628 0.024968561 0.022336919 0.019705278 0.021582927 0.027544098 0.031730584 0.033646164 0.035561745 0.03737633 0.037587289 0.037727254 0.031526867 0.02533688 0.031696453 0.038056027 0.0444156 0.043015451 0.038030175 0.033044898 0.026879706 0.018680665 0.011519678 0.0062291695 0.00048073578 -0.0061307577 -0.012742251 -0.019274847 -0.023239876 -0.027204906 -0.031169936 -0.030550953 -0.029046681 -0.028698544 -0.02847354 -0.028248536 -0.026785093 -0.024653296 -0.019097266 -0.011908805 -0.0047203431 0.0064467676 0.020894529 0.031144256 0.039149543
0.018547621 0.017914073 0.020664699 0.023650334 0.026635968 0.027210961 0.026147823 0.025084685 0.024071344 0.023202925 0.022334506 0.019761439 0.017129797 0.02067381 0.02663498 0.03259615 0.036782637 0.038698217 0.040219237 0.040430196 0.040641155 0.040781119 0.034580732 0.028380346 0.022179959 0.026659535 0.033019109 0.031618959 0.026633683 0.019984787 0.011785747 0.0035867068 -0.0035742801 -0.0088647889 -0.014155298 -0.01970491 -0.026316404 -0.032848999 -0.036814029 -0.040779059 -0.039574345 -0.038070072 -0.036565799 -0.036217663 -0.035992659 -0.034283617 -0.032151819 -0.030020022 -0.024463993 -0.017275531 -0.0054885736 0.0089591877 0.023406949 0.033656676 0.041661963
0.0097230164 0.01270865 0.015694285 0.018679919 0.021665553 0.022240546 0.021177408 0.02011427 0.019051132 0.017995803 0.017127384 0.014554317 0.019764692 0.025725863 0.031687033 0.037648203 0.04183469 0.043062144 0.043273103 0.043484062 0.043695021 0.043834985 0.037634598 0.031434211 0.025233824 0.019033437 0.021622617 0.020222468 0.013089869 0.004890829 -0.0033082113 -0.011507252 -0.018668238 -0.023958747 -0.029249256 -0.034539765 -0.039890556 -0.046423152 -0.050102009 -0.048597736 -0.047093463 -0.045589191 -0.044084918 -0.043736782 -0.04178214 -0.039650343 -0.037518546 -0.035386748 -0.029830719 -0.017423915 -0.0029761535 0.011471608 0.025919369 0.036169096 0.038682431
0.0054295498 0.0084151838 0.011400818 0.014386452 0.017372086 0.018411976 0.017348838 0.0162857 0.015222562 0.014159424 0.013096286 0.017898501 0.023859671 0.029820842 0.035782012 0.041743182 0.045181901 0.045392859 0.045603818 0.045814777 0.046025736 0.046128961 0.03979833 0.033597943 0.027397556 0.021197169 0.014996782 0.0074293438 -0.00076969654 -0.0089687368 -0.017167777 -0.025366817 -0.030745378 -0.036035887 -0.041326396 -0.046616905 -0.051907413 -0.056995352 -0.055491079 -0.053986806 -0.052482534 -0.050978261 -0.049797009 -0.047460298 -0.045328501 -0.043196703 -0.041064906 -0.038933109 -0.029426537 -0.014978775 -0.00053101398 0.013916747 0.028364509 0.033398708 0.033482479
0.0060382684 0.0092272995 0.012212934 0.015198568 0.018184202 0.020746501 0.022132118 0.02106898 0.020005842 0.018942704 0.017879566 0.017065838 0.020736345 0.026697515 0.032658685 0.038619856 0.042058574 0.042269533 0.042480492 0.042691451 0.042848381 0.042793834 0.035514808 0.029048236 0.022847849 0.016647462 0.010447075 0.0028796361 -0.0053194042 -0.013518445 -0.021717485 -0.029728306 -0.031975863 -0.025360012 -0.030650521 -0.03594103 -0.041231538 -0.046319477 -0.044815204 -0.043310931 -0.041806658 -0.041507396 -0.05056093 -0.040550877 -0.03514556 -0.033013763 -0.030881965 -0.028750168 -0.023534372 -0.01304107 0.0014066914 0.015854453 0.030302214 0.035108642 0.034961282
0.0045463599 0.0094685255 0.013025049 0.016010683 0.018996317 0.021558616 0.023833241 0.025852261 0.024789123 0.023725985 0.022662847 0.021849119 0.021043961 0.023574188 0.029535359 0.035496529 0.038935247 0.039146206 0.039357165 0.039486907 0.039513253 0.039458706 0.032179681 0.024900655 0.018298141 0.012097754 0.005897367 -0.0016700716 -0.0098691119 -0.018068152 -0.026040386 -0.033933255 -0.036180813 -0.028256031 -0.02033125 -0.025265154 -0.030555663 -0.035643602 -0.034139329 -0.032635056 -0.033217784 -0.042271318 -0.051324851 -0.041314798 -0.029274411 -0.022830822 -0.020699025 -0.018567227 -0.013351431 -0.0066654017 0.0033443968 0.017792158 0.032239919 0.037046347 0.036698127
0.0030544515 0.0079766171 0.012898783 0.016822799 0.019808433 0.022370732 0.024645357 0.026919982 0.029194607 0.028509266 0.027446128 0.0266324 0.025827242 0.025022084 0.026412032 0.032373203 0.035811921 0.03602288 0.036125432 0.036151779 0.036178126 0.036123578 0.028844553 0.021565528 0.014286503 0.0075480463 0.0013476593 -0.0062197793 -0.01441882 -0.022352466 -0.030245336 -0.038138205 -0.040385763 -0.032460981 -0.024536199 -0.016611418 -0.019879788 -0.024967727 -0.023463454 -0.024928172 -0.033981705 -0.043035239 -0.052088773 -0.04207872 -0.030038332 -0.017997944 -0.010516084 -0.0083842865 -0.0031684904 0.0035175391 0.010203569 0.019729863 0.034177625 0.038984052 0.038635832
0.0015625431 0.0064847087 0.011406874 0.01632904 0.020620549 0.023182848 0.025457473 0.027732098 0.030006723 0.032281348 0.032229409 0.031415681 0.030610523 0.029805365 0.029000207 0.029249876 0.032688594 0.032763958 0.032790304 0.032816651 0.032842998 0.032788451 0.025509425 0.0182304 0.010951375 0.0036723496 -0.0032020484 -0.010769487 -0.018664547 -0.026557416 -0.034450285 -0.042343154 -0.044590712 -0.036665931 -0.028741149 -0.020816367 -0.012891586 -0.014291852 -0.016638559 -0.025692093 -0.034745627 -0.04379916 -0.052852694 -0.042842641 -0.030802253 -0.018761865 -0.0067214776 0.0017986543 0.0070144504 0.01370048 0.020386509 0.027072539 0.03611533 0.040921758 0.040573537
