mean_models/J1_mean_vp_slide_diff2_140.dat.tif
NCOLS 118
NROWS 92
XLLCORNER 139.62
YLLCORNER -39.07
DX 0.099491525
DY 0.099347826
NODATA_VALUE -9999
[rows 48 to 71 of 92, columns 55 to 109 of 118]
0.037277446 0.041158681 0.045039917 0.048921152 0.052467515 0.050579902 0.056336908 0.062093914 0.06785092 0.073607926 0.079364932 0.070782576 0.061707502 0.052632428 0.043557353 0.034482279 0.032624377 0.029384823 0.026145268 0.022905713 0.019666159 0.017597637 0.010259608 0.0042379299 -0.0017837478 -0.0078054254 -0.013827103 -0.024378528 -0.037022774 -0.049667021 -0.062311267 -0.074955514 -0.078398974 -0.064704789 -0.04995733 -0.03520987 -0.02046241 -0.0067491914 -0.026693146 -0.0466371 -0.066581054 -0.086525008 -0.10383209 -0.093426492 -0.080612557 -0.067798623 -0.054984688 -0.041939476 -0.027176391 -0.012381802 0.0024127871 0.017207376 0.030982048 0.027646532 0.021423337
0.046815499 0.050696735 0.05457797 0.057045647 0.056481388 0.053369819 0.048527247 0.052936252 0.058693258 0.064450264 0.070207271 0.061624914 0.05254984 0.043474766 0.035688973 0.036494493 0.035525555 0.032286 0.029046445 0.025806891 0.024360594 0.023695827 0.01470367 0.0068426091 0.00082093146 -0.0052007462 -0.011222424 -0.021773848 -0.034418095 -0.047062341 -0.059706588 -0.06520598 -0.067282394 -0.063357923 -0.051569414 -0.036821954 -0.022074494 -0.0083612755 -0.02830523 -0.048249184 -0.068193138 -0.084481317 -0.096688537 -0.086282941 -0.073469007 -0.060655073 -0.047320081 -0.032623078 -0.017859993 -0.0030654041 0.011729185 0.024109958 0.026175601 0.022840084 0.016616889
0.056353553 0.060234788 0.061623779 0.06105952 0.060495261 0.057383692 0.05254112 0.047698548 0.049535597 0.055292603 0.061049609 0.052467253 0.043392178 0.037784631 0.03859015 0.03939567 0.038426732 0.035187177 0.031947623 0.031030308 0.030458785 0.029794017 0.020801861 0.011809704 0.0034256107 -0.002596067 -0.0086177446 -0.019169169 -0.031813416 -0.043275985 -0.048682692 -0.0540894 -0.056165814 -0.052241343 -0.048316871 -0.038434038 -0.023686578 -0.0099733595 -0.029917314 -0.049861268 -0.065130546 -0.077337766 -0.089544986 -0.079139391 -0.066325457 -0.052700687 -0.038003684 -0.023306681 -0.0085435953 0.0062509935 0.017237867 0.01930351 0.021369153 0.018033636 0.011810442
0.065891606 0.066201911 0.065637652 0.065073393 0.064509134 0.061397565 0.056554993 0.051712421 0.046869848 0.046134941 0.051891947 0.043309591 0.039880288 0.040685808 0.041491328 0.042296847 0.041327909 0.038271546 0.037700022 0.037128499 0.036556975 0.035892208 0.026900051 0.017907894 0.0089157377 8.6122651e-06 -0.0060130654 -0.01656449 -0.026752697 -0.032159405 -0.037566112 -0.042972819 -0.045049234 -0.041124762 -0.037200291 -0.03327582 -0.025298662 -0.011585444 -0.031529398 -0.045779776 -0.057986996 -0.070194216 -0.082401436 -0.071995841 -0.058081292 -0.043384289 -0.028687286 -0.013990283 0.00077280225 0.010365776 0.012431419 0.014497062 0.016562705 0.013227189 0.0070815182
0.070780043 0.070215784 0.069651525 0.069087266 0.068523007 0.065411438 0.060568866 0.055726294 0.050883721 0.046041149 0.042734285 0.041975946 0.042781466 0.043586985 0.044392505 0.045198024 0.04494126 0.044369736 0.043798213 0.043226689 0.042655165 0.041990398 0.032998241 0.024006085 0.015013928 0.0060217713 -0.0029703854 -0.01022941 -0.015636117 -0.021042824 -0.026449532 -0.031856239 -0.033932654 -0.030008182 -0.026083711 -0.022159239 -0.018234768 -0.013197528 -0.026429006 -0.038636226 -0.050843446 -0.063050666 -0.075257886 -0.063461897 -0.048764894 -0.034067891 -0.019370888 -0.0046738855 0.0034936849 0.0055593279 0.007624971 0.009690614 0.011756257 0.0085204256 0.0024995965
0.070082035 0.069517776 0.068953517 0.068389258 0.064478765 0.065354626 0.065091537 0.060248964 0.055406392 0.05056382 0.045721247 0.046339139 0.047144658 0.047950178 0.048755697 0.048799313 0.048074 0.047502476 0.046930953 0.046359429 0.045779969 0.044528588 0.0291134 0.020121243 0.011129086 0.0021369295 -0.0068552272 -0.013394985 -0.018801693 -0.0242084 -0.029615108 -0.034370173 -0.036965591 -0.036110748 -0.032186277 -0.028261805 -0.024337334 -0.02089379 -0.03310101 -0.04530823 -0.05751545 -0.06972267 -0.067617959 -0.053894014 -0.039197011 -0.024500008 -0.009803005 0.00036657196 0.0042410975 0.0063067406 0.0083723836 0.010438027 0.010150395 0.0055367342 -0.00048409495
0.068595705 0.068031446 0.067467187 0.062423597 0.056604586 0.057480447 0.062905756 0.06485676 0.060014187 0.055171615 0.050329043 0.050946934 0.051752454 0.052557973 0.052281415 0.051435918 0.050710605 0.050139081 0.049567558 0.04889865 0.047807744 0.046556363 0.030973363 0.015390362 0.005574031 -0.0034181257 -0.012410282 -0.018950041 -0.024356748 -0.029763455 -0.03423217 -0.037736337 -0.040331754 -0.041289689 -0.041169696 -0.037245225 -0.033320753 -0.02987721 -0.04208443 -0.05429165 -0.06649887 -0.062595535 -0.058008 -0.044284055 -0.029587052 -0.014890049 -0.0056257088 0.0020431745 0.0059177001 0.0079833431 0.010048986 0.0094157684 0.0074340962 0.002820435 -0.0032003941
0.067109376 0.066187439 0.060368428 0.054549418 0.048730407 0.049606268 0.055031576 0.060456885 0.064621983 0.05977941 0.054936838 0.055554729 0.056360249 0.055763517 0.05491802 0.054072522 0.05334721 0.052775686 0.052017332 0.050926426 0.04983552 0.048584139 0.033001138 0.017418137 0.0018351361 -0.008973181 -0.017965338 -0.024505096 -0.029911803 -0.034094167 -0.037598334 -0.0411025 -0.043697918 -0.044655852 -0.045613787 -0.046228644 -0.042304172 -0.038860629 -0.051067849 -0.062160646 -0.057573111 -0.052985577 -0.048398042 -0.034674097 -0.019977094 -0.01161799 -0.0039491063 0.0037197771 0.0075943026 0.0096599457 0.0086811415 0.0066994693 0.0047177971 0.0001041359 -0.0059166933
0.064132271 0.05831326 0.052494249 0.046675239 0.040856228 0.041732089 0.047157397 0.052582706 0.058008014 0.063433323 0.059544634 0.060091116 0.059245619 0.058400122 0.057554624 0.056709127 0.055983815 0.055136014 0.054045108 0.052954201 0.051863295 0.050611915 0.035028914 0.019445913 0.0038629116 -0.011720089 -0.023520393 -0.030060151 -0.033956164 -0.037460331 -0.040964497 -0.044468664 -0.047064081 -0.048022016 -0.04897995 -0.049937885 -0.050895819 -0.047844048 -0.057138223 -0.052550688 -0.047963153 -0.043375618 -0.038788084 -0.025279154 -0.01761027 -0.009941387 -0.0022725037 0.0053963796 0.0092709052 0.0079465145 0.0059648423 0.0039831701 0.0020014979 -0.0026121632 -0.0039129746
0.057034812 0.051215801 0.045396791 0.03957778 0.03375877 0.03340848 0.038833789 0.044259097 0.049684406 0.055109714 0.060535023 0.06180214 0.060956643 0.060111146 0.059265649 0.058420152 0.057467001 0.056376095 0.055285189 0.054194282 0.053103376 0.049080296 0.035628645 0.020045644 0.0044626426 -0.011120358 -0.026703359 -0.034024602 -0.037528769 -0.041032935 -0.044537102 -0.048041269 -0.049578336 -0.050536271 -0.051494205 -0.05245214 -0.053410074 -0.054202684 -0.049615149 -0.045027614 -0.040440079 -0.035852545 -0.029854386 -0.022806863 -0.01513798 -0.0074690964 0.0001997869 0.0078686702 0.0061750169 0.0041933447 0.0022116725 0.00023000034 -0.0017516719 -0.0019416051 -0.0021499403
0.051433187 0.046771201 0.04095219 0.035133179 0.029314169 0.027595965 0.028975173 0.034400481 0.03982579 0.045251098 0.050676407 0.056699873 0.059506386 0.058660889 0.057815391 0.056969894 0.056016743 0.054925837 0.053834931 0.052744025 0.046579589 0.034983502 0.02774953 0.015767947 0.00018494598 -0.015398055 -0.030981056 -0.038302299 -0.041806465 -0.045310632 -0.048814799 -0.052556795 -0.05381924 -0.050506172 -0.051098801 -0.052056735 -0.05301467 -0.053807279 -0.049219745 -0.04463221 -0.040044675 -0.032885799 -0.019484681 -0.015320965 -0.0099480493 -0.002279166 0.0053897173 0.013058601 0.0065726592 -0.0031012142 -0.0050828864 -0.0070645586 -0.0090462308 -0.0082225572 -0.0066353843
0.04219693 0.040233926 0.036507589 0.030688578 0.024869568 0.023151364 0.024219832 0.0252883 0.029967174 0.035392482 0.040817791 0.046841257 0.052885277 0.057210631 0.056365134 0.055519637 0.054566486 0.05347558 0.052384674 0.044127725 0.032482795 0.020886708 0.013652735 0.006418763 -0.0040927506 -0.019675752 -0.035258753 -0.042579995 -0.046084162 -0.049588329 -0.053382714 -0.057184417 -0.058446861 -0.055133793 -0.051820726 -0.051661331 -0.052619265 -0.053411875 -0.04882434 -0.044236805 -0.035917212 -0.022516094 -0.0091149755 -0.0049512595 -0.0017713573 0.0029107645 0.010579648 0.018248531 0.01176259 -0.0014713751 -0.012377445 -0.014359118 -0.01634079 -0.015517116 -0.013193591
0.032960673 0.030997669 0.029034666 0.026243977 0.020424967 0.018706763 0.019775231 0.020843699 0.021912167 0.025533866 0.030959175 0.036982641 0.043026661 0.04907068 0.054914876 0.054069379 0.053116228 0.052025322 0.041675861 0.030030931 0.018386 0.0067899138 -0.00044405872 -0.0076780312 -0.014912004 -0.023953448 -0.039536449 -0.046857692 -0.050406931 -0.054208633 -0.058010336 -0.061812038 -0.063074483 -0.059761415 -0.056448347 -0.05313528 -0.052223861 -0.053016471 -0.048428936 -0.038948625 -0.025547507 -0.012146389 0.0012547298 0.0054184458 0.008598348 0.01177825 0.015769578 0.023438462 0.01695252 0.0037185554 -0.0095154094 -0.021653676 -0.023635349 -0.022811675 -0.02048815
0.023724416 0.021761412 0.019798409 0.017835406 0.015872402 0.014262162 0.01533063 0.016399098 0.017467566 0.018536034 0.021100559 0.027124025 0.033168045 0.039212065 0.045256084 0.051300104 0.050868928 0.039223997 0.027579067 0.015934137 0.0042892062 -0.0073068804 -0.014540853 -0.021774825 -0.029008798 -0.03624277 -0.043814146 -0.05123285 -0.055034552 -0.058836255 -0.062637957 -0.06643966 -0.067702105 -0.064389037 -0.061075969 -0.057762901 -0.054449834 -0.052621066 -0.041980038 -0.02857892 -0.015177802 -0.0017766832 0.011624435 0.015788151 0.018968053 0.022147956 0.025327858 0.028628392 0.022142451 0.0089084858 -0.0043254789 -0.017559444 -0.030793408 -0.030106234 -0.027782709
0.018085978 0.016122975 0.014159971 0.012196968 0.010233965 0.013710848 0.016431622 0.01750009 0.018568558 0.019637026 0.020705494 0.019927731 0.02597175 0.03201577 0.03805979 0.04410381 0.042388196 0.030743266 0.019098335 0.0074534052 -0.0041915252 -0.01450281 -0.018049292 -0.025283264 -0.032517237 -0.039751209 -0.046985182 -0.051871528 -0.055673231 -0.059474933 -0.063276636 -0.066581275 -0.062521131 -0.054654463 -0.051341395 -0.048028327 -0.044715259 -0.041101441 -0.027700322 -0.014299204 -0.0008980856 0.012503033 0.01986708 0.016909509 0.020089411 0.023269313 0.026449215 0.029629118 0.022365176 0.0092264433 -0.0040075215 -0.017241486 -0.030475451 -0.033962408 -0.031711785
0.022303769 0.012049051 0.010086048 0.0081230447 0.0061600413 0.0096369251 0.016810442 0.021012588 0.022081055 0.023149523 0.024217991 0.022530874 0.020749071 0.025977188 0.032021208 0.038065228 0.036349614 0.024704684 0.013059754 0.0014805295 -0.0086863989 -0.018770351 -0.021443857 -0.024187347 -0.03142132 -0.038655292 -0.045889265 -0.050775611 -0.054577314 -0.058379016 -0.061187925 -0.062174205 -0.058114061 -0.044960718 -0.035361408 -0.03204834 -0.028735272 -0.025121453 -0.011720335 0.0016807835 0.015081902 0.021297795 0.025980725 0.022245393 0.017613488 0.020369019 0.023548921 0.026728824 0.019464882 0.0072220521 -0.0058081456 -0.01904211 -0.032276075 -0.035763032 -0.034038844
0.029876723 0.018541085 0.0072054467 0.0040491215 0.0020861182 0.0055630019 0.012736519 0.019910035 0.025593553 0.026662021 0.027730489 0.026043371 0.024261569 0.022479766 0.025982626 0.032026646 0.030311033 0.018666103 0.0073799169 -0.0027870115 -0.01295394 -0.023037892 -0.025711398 -0.028384904 -0.031058411 -0.037559375 -0.044793348 -0.049679694 -0.053481397 -0.055794575 -0.056780856 -0.057767136 -0.053706992 -0.040553649 -0.027400306 -0.016068352 -0.012755285 -0.0091414657 0.0042596527 0.017660771 0.02272851 0.02741144 0.032094369 0.028359037 0.023727133 0.019095228 0.020648627 0.023828529 0.016564588 0.0043217579 -0.0079210723 -0.020842735 -0.034076699 -0.037563656 -0.035839468
0.037449676 0.026114038 0.0147784 0.0034427623 -0.001987805 0.0014890787 0.0086625954 0.015836112 0.023009629 0.030174519 0.031242986 0.029555869 0.027774066 0.025992263 0.024210461 0.025988065 0.024272451 0.013279304 0.0031123758 -0.0070545526 -0.017221481 -0.027305433 -0.029978939 -0.032652445 -0.035325952 -0.037999458 -0.043697431 -0.048583777 -0.050401226 -0.051387506 -0.052373786 -0.053360066 -0.049299922 -0.036146579 -0.022993237 -0.0098398937 0.0032247029 0.0068385218 0.019476295 0.024159225 0.028842155 0.033525084 0.038208014 0.034472682 0.029840777 0.025208873 0.020576968 0.020928235 0.013664294 0.0014214637 -0.010821367 -0.023064197 -0.035877323 -0.039364281 -0.037640092
0.040252615 0.028916977 0.017581339 0.0062457007 -0.0050899373 -0.0037082857 0.0034652309 0.010638748 0.017812264 0.024985781 0.032159297 0.030674988 0.028893186 0.027111383 0.02532958 0.023547777 0.018119887 0.0079529589 -0.0022139696 -0.012380898 -0.022547826 -0.030510032 -0.032720361 -0.035393867 -0.038067373 -0.040740879 -0.043414386 -0.044933852 -0.045920132 -0.046906412 -0.047892693 -0.048878973 -0.04496174 -0.031808397 -0.018655054 -0.0055017111 0.0076516317 0.020552449 0.025235379 0.029918309 0.034601238 0.039284168 0.042906486 0.038075685 0.03344378 0.028811876 0.024179971 0.019548067 0.0089284431 -0.0033143871 -0.015557217 -0.027800047 -0.040042878 -0.040780557 -0.039056369
0.019330183 0.0079945453 -0.0033410927 -0.014288491 -0.01719542 -0.014261764 -0.0073199691 -0.00014645245 0.0070270642 0.014200581 0.021374097 0.019889788 0.018107986 0.016326183 0.01454438 0.012898774 0.0075272013 -0.0026397271 -0.012806656 -0.022973584 -0.028860827 -0.028592619 -0.028773206 -0.030544589 -0.033218095 -0.035891602 -0.038565108 -0.040084574 -0.041070855 -0.042057135 -0.043043415 -0.039502445 -0.033926069 -0.027701654 -0.014659505 -0.0015061623 0.011647181 0.024547998 0.029230928 0.033913857 0.038596787 0.040720236 0.03402192 0.029191119 0.024559215 0.01992731 0.015190876 0.0062421875 -0.0049372018 -0.017180032 -0.029422862 -0.041665692 -0.041652807 -0.040285142 -0.038560954
-0.0015922481 -0.012927886 -0.021830083 -0.024737012 -0.027643941 -0.024710285 -0.017807705 -0.010905126 -0.0037581358 0.0034153808 0.010588897 0.0091045883 0.0073227855 0.0055542147 0.0039301512 0.0023060877 -0.0030654847 -0.013232413 -0.023399342 -0.027216647 -0.026943414 -0.026675206 -0.026855793 -0.027036379 -0.028368818 -0.031042324 -0.03371583 -0.035235297 -0.036221577 -0.037207857 -0.03257468 -0.027357946 -0.02178157 -0.015557155 -0.0093327399 0.0024893865 0.015642729 0.028543547 0.033226477 0.037909406 0.038533986 0.03183567 0.025137354 0.020306553 0.015674649 0.01027392 0.0013252313 -0.0076234575 -0.018802847 -0.031045677 -0.042559029 -0.041858211 -0.041157393 -0.039789728 -0.03806554
-0.022514679 -0.029371675 -0.032278604 -0.035185533 -0.038092463 -0.035158807 -0.028256227 -0.021353647 -0.014451067 -0.0073698192 -0.00019630251 -0.0016806117 -0.0034144078 -0.0050384713 -0.0066625348 -0.0082865983 -0.013658171 -0.023825099 -0.025572468 -0.025299234 -0.025026001 -0.024757793 -0.02493838 -0.025118966 -0.025299553 -0.026193046 -0.028866552 -0.030386019 -0.030863651 -0.025646916 -0.020430181 -0.015213446 -0.009637071 -0.0034126559 0.0028117592 0.0090361743 0.019638278 0.032539096 0.037222025 0.036347736 0.02964942 0.022951104 0.016252789 0.011421988 0.0053569638 -0.003591725 -0.012540414 -0.021489102 -0.032668492 -0.042764433 -0.042063615 -0.041362797 -0.040661978 -0.039294313 -0.03857609
-0.036913267 -0.039820196 -0.042727125 -0.045634055 -0.048540984 -0.045607328 -0.038704748 -0.031802168 -0.024899588 -0.017997008 -0.010981503 -0.01238303 -0.014007094 -0.015631157 -0.017255221 -0.018879284 -0.024201521 -0.023928288 -0.023655054 -0.023381821 -0.023108588 -0.02284038 -0.023020967 -0.023201553 -0.02338214 -0.023562726 -0.024017274 -0.023935887 -0.018719152 -0.013502417 -0.0082856823 -0.0030689474 0.002507428 0.0087318431 0.014956258 0.021180673 0.027405088 0.036534645 0.034161486 0.02746317 0.020764854 0.014066539 0.007368223 0.00044000757 -0.0085086812 -0.01745737 -0.026406059 -0.035354747 -0.042969837 -0.042269019 -0.0415682 -0.040867382 -0.040166564 -0.040589976 -0.046035346
-0.037310326 -0.040217255 -0.043124184 -0.046031113 -0.048938042 -0.047038712 -0.040510051 -0.033607471 -0.026704891 -0.019802311 -0.012899731 -0.018513955 -0.020138018 -0.021762082 -0.023386145 -0.025010209 -0.025801983 -0.02552875 -0.025255516 -0.024982283 -0.02470905 -0.022173502 -0.018803382 -0.018983969 -0.019164555 -0.019345142 -0.019525728 -0.016014621 -0.010797886 -0.0055811508 -0.00036441596 0.004919653 0.0060891265 0.0068459491 0.013070364 0.019294779 0.025519194 0.031358349 0.024660034 0.017961718 0.011263402 0.0045650863 -0.0013866455 -0.0037682116 -0.0127169 -0.021665589 -0.030614278 -0.039562967 -0.04219651 -0.041510784 -0.040809965 -0.040109147 -0.039408329 -0.043235792 -0.048739122
