mean_models/J1_mean_vp_slide_diff2_120.dat.tif
NCOLS 118
NROWS 92
XLLCORNER 139.62
YLLCORNER -39.07
DX 0.099491525
DY 0.099347826
NODATA_VALUE -9999
[rows 48 to 71 of 92, columns 0 to 53 of 118]
-9999 0.025850468 0.039861484 0.053872501 0.067883517 0.081894534 0.09590555 0.093158148 0.091614888 0.090071628 0.088528367 0.086985107 0.085441847 0.085010408 0.083126298 0.079759007 0.076391716 0.073024426 0.069657135 0.067544027 0.068324372 0.069104718 0.069885063 0.070665408 0.071445753 0.078117071 0.077848976 0.076592178 0.075335381 0.074078584 0.072821787 0.075328296 0.085089258 0.094850219 0.10461118 0.11437214 0.1241331 0.11543745 0.10578403 0.096130609 0.086477186 0.076823764 0.067833776 0.066236564 0.063376793 0.060517023 0.057657252 0.054797482 0.051937712 0.044489302 0.03624785 0.028006398 0.019764947 0.011523495
-9999 0.038271816 0.052282833 0.066293849 0.080304866 0.088101846 0.083868563 0.080884056 0.079340795 0.077797535 0.076254274 0.074307442 0.070837145 0.070127883 0.07494775 0.075776925 0.072409635 0.069042344 0.065675053 0.063561946 0.064342291 0.065122636 0.065902981 0.067891823 0.078971531 0.087847638 0.090817545 0.09185642 0.090599623 0.089342826 0.088086028 0.090592537 0.1003535 0.11011446 0.11987542 0.12495146 0.11400739 0.10359431 0.093940887 0.084287465 0.074634042 0.068059368 0.06682087 0.065335261 0.063672007 0.061017515 0.058157745 0.055297974 0.052438204 0.044989794 0.036748342 0.028506891 0.020265439 0.019018236
-9999 0.050693165 0.064704181 0.078715197 0.080061036 0.075827753 0.07159447 0.068609963 0.067066702 0.065523442 0.062895214 0.059424917 0.05595462 0.055245357 0.060065224 0.064885091 0.068427553 0.065060262 0.061692972 0.059579864 0.060360209 0.061140554 0.066542682 0.07762239 0.088702098 0.097578206 0.10054811 0.10351802 0.10586386 0.10460707 0.10335027 0.10585678 0.11561774 0.1253787 0.12405238 0.11310831 0.10216424 0.091751166 0.082097743 0.072444321 0.068284959 0.067046461 0.065807963 0.064322354 0.0626591 0.060995846 0.058658237 0.055798467 0.052938696 0.045490286 0.037248835 0.030405668 0.029553062 0.028700455
-9999 0.063114513 0.076253509 0.072020226 0.067786943 0.06355366 0.059320378 0.05633587 0.05479261 0.051482986 0.048012689 0.044542392 0.041072095 0.040362832 0.045182699 0.050002566 0.054822433 0.0596423 0.05771089 0.055597782 0.056378128 0.065193542 0.07627325 0.087352958 0.098432666 0.10730877 0.11027868 0.11324859 0.11621849 0.1191884 0.11861451 0.12112102 0.13088198 0.1231533 0.11220924 0.10126517 0.0903211 0.079908022 0.070254599 0.068510551 0.067272053 0.066033555 0.064795057 0.063309448 0.061646194 0.05998294 0.058319686 0.056298959 0.053439188 0.045990778 0.040940494 0.040087887 0.03923528 0.038382673
-9999 0.068212699 0.063979416 0.059746133 0.05551285 0.051279568 0.047046285 0.043541055 0.040070758 0.036600461 0.033130164 0.029659867 0.02618957 0.025480307 0.030300174 0.035120041 0.039939908 0.044759775 0.049579642 0.052764694 0.063844402 0.07492411 0.086003818 0.097083525 0.10816323 0.11703934 0.12000925 0.12297915 0.12594906 0.12891897 0.13188887 0.1331983 0.12225423 0.11131016 0.10036609 0.089422024 0.078477956 0.06997464 0.068736143 0.067497645 0.066259147 0.065020649 0.063782151 0.062296542 0.060633288 0.058970034 0.05730678 0.055643526 0.053939681 0.051475319 0.050622712 0.049770105 0.048917498 0.048064891
-9999 0.06501091 0.060777627 0.056544344 0.052311061 0.048077778 0.043248345 0.038835684 0.035365387 0.03189509 0.028424793 0.024954496 0.025217912 0.026132542 0.022248366 0.027068233 0.0318881 0.036707967 0.041527834 0.048240583 0.059320291 0.070399999 0.081479707 0.092559414 0.098991215 0.10126908 0.11073108 0.11370098 0.11667089 0.11964079 0.1226107 0.12082805 0.10988398 0.098939913 0.087995846 0.077051778 0.068865338 0.065105562 0.063867064 0.062628566 0.061390068 0.06015157 0.060898029 0.060723369 0.059104356 0.057441102 0.055777848 0.054114594 0.05245134 0.051479276 0.05062667 0.049774063 0.048921456 0.048634623
-9999 0.063326964 0.059093681 0.054860398 0.050627115 0.045474842 0.040245665 0.035833004 0.032362707 0.02889241 0.025422113 0.028274916 0.03279232 0.03370695 0.027406815 0.02110668 0.024979107 0.029798974 0.03461884 0.041331589 0.052411297 0.063491005 0.074570713 0.077374651 0.076459992 0.078737856 0.089572483 0.10040711 0.10421246 0.10718236 0.11015227 0.10836962 0.097425548 0.08648148 0.075537412 0.068873219 0.063351102 0.059591326 0.058352828 0.05711433 0.055875832 0.05740095 0.059168297 0.058993637 0.057422893 0.055825836 0.054162582 0.052499328 0.050836074 0.04986401 0.049011404 0.048158797 0.048331609 0.049610608
-9999 0.061643018 0.057409735 0.052930515 0.047701338 0.042472162 0.037242985 0.032830324 0.029360027 0.026814514 0.031331919 0.035849323 0.040366728 0.041281357 0.034981222 0.028681087 0.022380952 0.02288998 0.027709847 0.034422596 0.045502304 0.056582012 0.055758086 0.054843428 0.053928769 0.056206633 0.06704126 0.077875888 0.088710515 0.094723928 0.097693834 0.095911182 0.084967114 0.074403216 0.068881099 0.063358983 0.057836866 0.054077089 0.052838591 0.052136524 0.053903871 0.055671218 0.057438565 0.057263905 0.055693161 0.054122416 0.052547316 0.050884062 0.049220808 0.048248744 0.047396137 0.048028594 0.049307593 0.050586592
-9999 0.059959073 0.055157012 0.049927835 0.044698658 0.039469482 0.034240305 0.029827644 0.029871518 0.034388922 0.038906327 0.043423731 0.047941136 0.048855765 0.04255563 0.036255495 0.02995536 0.023655225 0.020800854 0.027513603 0.035056181 0.034141522 0.033226863 0.032312205 0.031397546 0.03367541 0.044510037 0.055344664 0.066179292 0.077013919 0.085235401 0.083452749 0.074411097 0.06888898 0.063366863 0.057844746 0.052322629 0.048562853 0.048639446 0.050406792 0.052174139 0.053941486 0.055708833 0.055534173 0.053963429 0.052392684 0.05082194 0.049251196 0.047605542 0.046633478 0.047725579 0.049004578 0.050283577 0.051562576
-9999 0.055833746 0.05060457 0.045375393 0.040146216 0.03491704 0.029687863 0.027983942 0.032501346 0.037018751 0.041536155 0.04605356 0.050570964 0.053864344 0.047564209 0.041264074 0.034963939 0.028663804 0.022363669 0.017692021 0.016777362 0.015862703 0.014948045 0.014033386 0.013118727 0.012236717 0.022929819 0.033764446 0.044599073 0.0554337 0.066268327 0.071516025 0.065993909 0.060471792 0.054949675 0.049427558 0.043905441 0.044950761 0.046718108 0.048485455 0.050252802 0.052020149 0.053787496 0.052920085 0.051349341 0.049778597 0.048207853 0.046637108 0.045066364 0.043782276 0.045061276 0.046340275 0.047619274 0.048898273
-9999 0.045988156 0.040758979 0.035529803 0.030300626 0.025461562 0.023368815 0.021375331 0.019496409 0.022760571 0.027277976 0.031795381 0.036312785 0.039854791 0.041443505 0.037509167 0.031209032 0.024908897 0.018608762 0.013937115 0.013022456 0.012107797 0.011193138 0.01027848 0.0045381416 0.0013797653 0.0065047593 0.015432343 0.02626697 0.037101598 0.047936225 0.053183923 0.047661806 0.042139689 0.036617572 0.031204258 0.032030375 0.035623652 0.043175745 0.045909697 0.047677044 0.049444391 0.051211738 0.049630154 0.045714774 0.04414403 0.042573285 0.041002541 0.039431797 0.033797841 0.029963718 0.031242717 0.032521716 0.033800715
-9999 0.036142566 0.030913389 0.025684212 0.021954183 0.019861436 0.017768689 0.015775205 0.013896283 0.012017361 0.013019797 0.017537201 0.022054606 0.025596612 0.027185326 0.028774039 0.027454126 0.021153991 0.014853856 0.010182208 0.0092675496 0.0083528908 0.0061789842 -6.9912726e-05 -0.0063188096 -0.0094771859 -0.0043521919 0.00077280202 0.0079348681 0.018769495 0.029604122 0.034851821 0.029329704 0.023807587 0.020357257 0.021183374 0.022009491 0.025602768 0.033154861 0.040706954 0.045101286 0.046868633 0.04863598 0.047054396 0.04306531 0.039076223 0.036938718 0.035367974 0.03379723 0.028163274 0.021827085 0.016145159 0.017424158 0.018703157
-9999 0.026296975 0.021067799 0.018446804 0.016354056 0.014261309 0.012168562 0.010175078 0.0082961561 0.0064172342 0.0045383122 0.0032790221 0.0077964267 0.011338433 0.012927146 0.01451586 0.016104574 0.017399085 0.01109895 0.0064273021 0.0055126433 0.0015709299 -0.004677967 -0.010926864 -0.017175761 -0.020334137 -0.015209143 -0.010084149 -0.0049591552 0.00043739275 0.01127202 0.016519718 0.010997601 0.0095102562 0.010336373 0.01116249 0.011988607 0.015581884 0.023133977 0.03068607 0.038238163 0.044292875 0.046060222 0.044478638 0.040489552 0.036500465 0.032511379 0.029733407 0.028162663 0.022528707 0.016192518 0.0098563293 0.0035201404 0.0036055989
-9999 0.017032171 0.014939424 0.012846677 0.01075393 0.0086611827 0.0065684356 0.0045749514 0.0026960295 0.00081710758 -0.0010618143 -0.0029407363 -0.0048196582 -0.0029197467 -0.0013310329 0.00025768097 0.0018463948 0.0034351087 0.0050238225 0.0026723958 -0.0030371245 -0.0092860214 -0.015534918 -0.021783815 -0.028032712 -0.031191088 -0.026066094 -0.0209411 -0.015816106 -0.010691112 -0.0055661185 -0.0018123842 -0.0013367448 -0.00051062787 0.00031548905 0.001141606 0.0019677229 0.0055610003 0.013113093 0.020665186 0.028217279 0.035769372 0.043321465 0.04190288 0.037913794 0.033924707 0.029935621 0.025946534 0.022528095 0.01689414 0.010557951 0.0042217622 -0.0021144267 -0.0084506156
-9999 0.014832763 0.012740016 0.010647269 0.0085545217 0.0064617745 0.005987999 0.0091016365 0.010297497 0.0084185752 0.0065396533 0.0046607314 0.0027818094 -0.00028479444 -0.0028801389 -0.0012914251 0.00029728878 0.0018860026 0.0034747165 0.0026934543 -0.0035554426 -0.0098043395 -0.016053236 -0.022302133 -0.027608814 -0.029490496 -0.029460452 -0.024335458 -0.019210464 -0.01408547 -0.0089604762 -0.005303838 -0.0044777211 -0.0036516042 -0.0028254873 -0.0019993704 0.00043544182 0.00042874167 0.0002814082 0.0078335011 0.015385594 0.022937687 0.03048978 0.033687476 0.030914271 0.026925184 0.022936098 0.018947011 0.014957925 0.021290598 0.015148157 0.0088119682 0.0024757793 -0.0038604095
-9999 0.01411216 0.012019413 0.0099266659 0.0078339188 0.0087646315 0.01064388 0.013757517 0.018295799 0.021760767 0.019881846 0.018002924 0.016124002 0.013057398 0.0076123925 0.0026860203 0.0042747342 0.005863448 0.0074521619 0.0066708997 0.00042200283 -0.0058268941 -0.012075791 -0.015818269 -0.017347288 -0.01922897 -0.022055878 -0.024484701 -0.019359707 -0.014234713 -0.0091097187 -0.0054530806 -0.0046269636 -0.0038008467 -0.0029747298 0.00099606589 0.006789508 0.0067828079 -0.0015218184 -0.0062204631 0.0013316298 0.0088837227 0.016435816 0.019633511 0.019700886 0.018001983 0.014012897 0.01002381 0.0060347238 0.012367397 0.020483952 0.017848426 0.011512237 0.005176048
-9999 0.013391557 0.01129881 0.009662016 0.011541264 0.013420512 0.01529976 0.018413398 0.022951679 0.027489961 0.032028242 0.031345116 0.029466194 0.02639959 0.020954585 0.015509579 0.010064574 0.0098408934 0.011429607 0.010648345 0.0043994482 -0.0018494487 -0.0040277232 -0.0055567421 -0.007085761 -0.0089674433 -0.011794352 -0.01462126 -0.017448168 -0.014383955 -0.0092589612 -0.0056023231 -0.0047762061 -0.0039500892 0.00155669 0.0073501321 0.013143574 0.013136874 0.0048322478 -0.0034723784 -0.011777005 -0.0051702415 0.0023818514 0.0055795471 0.0056469221 0.005714297 0.0050896959 0.0011006094 -0.0028884771 0.0034441964 0.011560751 0.019677305 0.020548694 0.014212505
-9999 0.012670954 0.012438649 0.014317897 0.016197145 0.018076393 0.019955641 0.023069279 0.02760756 0.032145841 0.036684123 0.041222404 0.042808386 0.039741782 0.034296777 0.028851772 0.023406766 0.017961761 0.015407053 0.014625791 0.0092918412 0.0077628223 0.0062338034 0.0047047845 0.0031757655 0.0012940833 -0.0015328251 -0.0043597334 -0.0071866418 -0.01001355 -0.0094082038 -0.0057515656 -0.0036761281 0.002117314 0.0079107561 0.013704198 0.01949764 0.01949094 0.011186314 0.0028816877 -0.0054229385 -0.013727565 -0.011672113 -0.0084744172 -0.0084070422 -0.0083396672 -0.0082722923 -0.0082049173 -0.011811678 -0.0054790046 0.0026375496 0.010754104 0.018870658 0.023248963
-9999 0.013821614 0.015700862 0.01758011 0.019459358 0.021338606 0.023217854 0.025279451 0.029817732 0.034356013 0.038894295 0.043432576 0.047970858 0.05095114 0.045506134 0.040061129 0.034616124 0.029171118 0.023726113 0.019465243 0.017936224 0.016407205 0.014878186 0.013349168 0.011820149 0.011494262 0.0086673537 0.0058404453 0.003013537 0.00018662859 -0.0026402798 -0.0025227584 0.0032706837 0.0090641259 0.014857568 0.02065101 0.026444452 0.024477652 0.016173026 0.0078683996 -0.00043622667 -0.0087408529 -0.017045479 -0.021127027 -0.021059652 -0.020992277 -0.020924902 -0.020857527 -0.020790152 -0.013859721 -0.0057431666 0.0023733876 0.010489942 0.018606496
-9999 0.010151926 0.012031174 0.013910422 0.01578967 0.017462725 0.014698981 0.015325019 0.019863301 0.024401582 0.028939864 0.033478145 0.038101328 0.041985617 0.044374077 0.040662073 0.035217068 0.029772062 0.024327057 0.020066187 0.018537168 0.017008149 0.01547913 0.013950112 0.011382063 0.010860804 0.016412094 0.015735489 0.01290858 0.010081672 0.0072547637 0.0073722851 0.013165727 0.018959169 0.024752611 0.030546054 0.027934225 0.02266334 0.014358714 0.0060540875 -0.0022505387 -0.010626985 -0.019784151 -0.024849246 -0.026742127 -0.026674752 -0.026607377 -0.026540002 -0.026472627 -0.019542196 -0.011425641 -0.0033090873 0.0048074669 0.0045276284
-9999 0.0064822378 0.0083614859 0.010240734 0.010272038 0.007508294 0.0047445499 0.0053705877 0.0099088692 0.014447151 0.019010239 0.023641488 0.028272737 0.032157026 0.034545486 0.036933946 0.035818012 0.030373006 0.024928001 0.020667131 0.019138112 0.017609093 0.01588207 0.013095147 0.010308223 0.0097869641 0.015338254 0.020889544 0.022803624 0.019976716 0.017149807 0.017267329 0.023060771 0.028854213 0.032420594 0.029270253 0.026119913 0.020849028 0.012544402 0.0042397754 -0.0043813728 -0.013538539 -0.022695704 -0.0277608 -0.029884158 -0.032007517 -0.032289852 -0.032222477 -0.032155102 -0.02522467 -0.017108116 -0.0089915621 -0.012291135 -0.01661955
-9999 0.0028125499 0.004691798 0.0030813508 0.00031760673 -0.0024461374 -0.0052098815 -0.0045838437 -4.556221e-05 0.004550399 0.009181648 0.013812897 0.018444146 0.022328435 0.024716895 0.027105355 0.029493815 0.03097395 0.025528945 0.021268075 0.019739056 0.017595154 0.01480823 0.012021307 0.0092343835 0.0087131245 0.014264414 0.019815704 0.025366994 0.029871759 0.027044851 0.027162372 0.032955814 0.033756622 0.030606282 0.027455941 0.024305601 0.019034716 0.01073009 0.0018642393 -0.0072929264 -0.016450092 -0.025607258 -0.030672353 -0.032795712 -0.034919071 -0.037042429 -0.037904952 -0.037837577 -0.030907145 -0.024781485 -0.029109899 -0.033438314 -0.037766728
-9999 -0.0013455924 -0.0041093365 -0.0068730806 -0.0096368247 -0.012400569 -0.015164313 -0.014538275 -0.0099094408 -0.0052781918 -0.00064694285 0.0039843061 0.0086155551 0.012499844 0.014888304 0.017276764 0.019665224 0.022053684 0.024442144 0.021869019 0.019308238 0.016521314 0.013734391 0.010947467 0.0081605439 0.0076392849 0.013190575 0.018741865 0.024293154 0.029844444 0.035395734 0.037057416 0.03509265 0.03194231 0.028791969 0.025641629 0.022491289 0.017220404 0.0081098513 -0.0010473144 -0.01020448 -0.019361646 -0.028518811 -0.033583907 -0.035707266 -0.037830624 -0.039953983 -0.042077342 -0.043520052 -0.041600249 -0.045928663 -0.050257078 -0.054585492 -0.058913906
-9999 -0.0073817652 -0.010145509 -0.012909253 -0.015672997 -0.018436742 -0.021900738 -0.024192899 -0.021258514 -0.016627265 -0.011996016 -0.007364767 -0.0027335181 0.00027720665 0.0012610954 0.0036495552 0.0060380151 0.008426475 0.010814935 0.011638436 0.008851513 0.0060645896 0.0032776661 0.00049074267 -0.0019956276 -0.0020787559 0.0010670865 0.0066183763 0.012169666 0.017720956 0.023272246 0.025851344 0.022701003 0.019550663 0.016400323 0.013249983 0.0099838712 0.0067236085 0.0002911794 -0.0088659863 -0.018023152 -0.027180318 -0.036337483 -0.039161047 -0.040346802 -0.04247016 -0.044593519 -0.046716878 -0.048840236 -0.049180378 -0.053508792 -0.057837206 -0.062165621 -0.066494035
