mean_models/J1_mean_vp_slide_diff_260.dat.tif
NCOLS 118
NROWS 92
XLLCORNER 139.62
YLLCORNER -39.07
DX 0.099491525
DY 0.099347826
NODATA_VALUE -9999
[rows 27 to 53 of 92, columns 0 to 59 of 118]
-9999 8.4287242 8.4330434 8.4372364 8.4406775 8.4441186 8.4475597 8.4497234 8.4504128 8.4511023 8.4517917 8.4502759 8.4481549 8.4454875 8.4417257 8.437964 8.4342022 8.4322298 8.4309749 8.4302366 8.4306903 8.431144 8.4303947 8.4294981 8.4286015 8.4283902 8.4300156 8.431641 8.4332665 8.4315348 8.4284506 8.4274626 8.4305154 8.4335683 8.4278947 8.4219542 8.4160137 8.4151072 8.4214024 8.4276976 8.4339929 8.4305119 8.4260972 8.416211 8.4023915 8.388572 8.375588 8.3675911 8.3595943 8.361175 8.3644109 8.3676469 8.3757893 8.3893616 8.4002203 8.4016796 8.4031389 8.4045983 8.3946001 8.3825174
-9999 8.4273754 8.4313084 8.4347495 8.4381906 8.4416317 8.4450728 8.4472366 8.447926 8.4486154 8.4493048 8.4499943 8.4493103 8.4466429 8.4428811 8.4391193 8.4353576 8.4315958 8.4289347 8.4281964 8.4284264 8.4275298 8.4266332 8.4257366 8.42484 8.4246287 8.4262541 8.4278796 8.429505 8.4311304 8.4305927 8.4296047 8.4306445 8.424704 8.4187635 8.4128231 8.4068826 8.405976 8.4122713 8.4185665 8.4248618 8.431157 8.4301635 8.4202773 8.4064578 8.3926382 8.3788187 8.3649991 8.3566092 8.3581899 8.3614258 8.3646618 8.3678978 8.3740787 8.3849374 8.3863967 8.3878561 8.3893154 8.3907747 8.3833464
-9999 8.4246926 8.4281337 8.4315748 8.4350159 8.4384571 8.4418982 8.4444689 8.4451583 8.4458477 8.4465372 8.4472266 8.447916 8.4473889 8.4436271 8.4398653 8.4361035 8.4323418 8.42858 8.4256846 8.424788 8.4238914 8.4229949 8.4220983 8.4212017 8.4203149 8.4219403 8.4235657 8.4251912 8.4268166 8.428442 8.4274832 8.4215427 8.4156022 8.4096617 8.4037212 8.3977807 8.3968559 8.4031511 8.4094463 8.4157416 8.4220368 8.4283321 8.4244505 8.4106309 8.3968114 8.3829919 8.3691723 8.3553528 8.3549231 8.3581591 8.361395 8.364631 8.367867 8.3710403 8.3724997 8.373959 8.3754183 8.3768776 8.378337
-9999 8.4158555 8.4192966 8.4227378 8.4261789 8.42962 8.4388244 8.442792 8.4400789 8.4407683 8.4414577 8.4421472 8.4428366 8.4426849 8.440849 8.4372409 8.4334791 8.4297173 8.4259555 8.4230601 8.4221636 8.421267 8.4203704 8.4194738 8.4188639 8.4174901 8.4137145 8.414705 8.4163304 8.4179558 8.4195812 8.4186224 8.4126819 8.4067414 8.4008009 8.3948605 8.4014664 8.4031683 8.394121 8.4004163 8.4067115 8.4130067 8.419302 8.4206605 8.4156839 8.4018644 8.3880449 8.3742253 8.3604058 8.3535044 8.3525736 8.3558096 8.3590455 8.3622815 8.3657025 8.3697644 8.37147 8.3729293 8.3743887 8.375848
-9999 8.4070185 8.4104596 8.4139007 8.4185999 8.4284404 8.4382809 8.4422485 8.4394379 8.4366274 8.4363783 8.4370677 8.4377572 8.4376055 8.4357696 8.4339336 8.4308546 8.4270928 8.4233311 8.4204357 8.4195391 8.4186425 8.4177459 8.4172511 8.4167734 8.4153996 8.411624 8.4078483 8.4074696 8.4090951 8.4107205 8.4097616 8.4038211 8.3978807 8.3927894 8.4025184 8.4122473 8.4139493 8.4041675 8.3943858 8.3976814 8.4039767 8.4102719 8.4116304 8.4094401 8.4069174 8.3930979 8.3792783 8.3654588 8.3585574 8.3528518 8.3502241 8.3534601 8.356696 8.360117 8.364179 8.3682409 8.3704403 8.3718997 8.373359
-9999 8.3981814 8.4016225 8.4082159 8.4180564 8.4278969 8.4377375 8.441705 8.4388945 8.4360839 8.4332734 8.4319883 8.4326777 8.4325261 8.4306901 8.4288542 8.4270182 8.4244684 8.4207066 8.4178112 8.4169146 8.4161161 8.4156383 8.4151606 8.4146829 8.4133091 8.4095334 8.4057578 8.4019822 8.4002343 8.4018597 8.4009009 8.3949604 8.3938415 8.4035704 8.4132993 8.4230282 8.4247302 8.4149485 8.4051667 8.395385 8.3949466 8.4012418 8.4026004 8.40041 8.3982196 8.3960292 8.3843313 8.3705118 8.3636104 8.3579048 8.3521991 8.3478746 8.3511106 8.3545316 8.3585935 8.3626554 8.3667173 8.3694107 8.37087
-9999 8.3893443 8.3978319 8.4076724 8.417513 8.4273535 8.437194 8.4411616 8.438351 8.4355405 8.4327299 8.4299194 8.4275983 8.4274467 8.4256107 8.4237748 8.4219388 8.4201029 8.4180821 8.4151867 8.4145033 8.4140255 8.4135478 8.4130701 8.4125924 8.4112185 8.4074429 8.4036673 8.3998917 8.396116 8.3929989 8.3920401 8.3948935 8.4046224 8.4143513 8.4240802 8.4338092 8.4355111 8.4257294 8.4159477 8.4061659 8.3963842 8.3922117 8.3935703 8.3913799 8.3891895 8.3869991 8.3848087 8.3755648 8.3686634 8.3629578 8.3572521 8.3515465 8.3458408 8.3489461 8.353008 8.35707 8.3611319 8.3651938 8.368381
-9999 8.3866161 8.3964566 8.4062972 8.4161377 8.4259782 8.4358187 8.4414584 8.4386104 8.4357998 8.4329892 8.4301787 8.4273681 8.4272647 8.4265632 8.4247272 8.4228913 8.4210553 8.4192194 8.4177941 8.4173164 8.4168387 8.4163609 8.4158832 8.4154055 8.4079597 8.4069353 8.4031597 8.3993841 8.3956085 8.3918328 8.3926699 8.4023989 8.4121278 8.4218567 8.4315856 8.4413146 8.4433881 8.4348132 8.4250315 8.4152497 8.405468 8.3956863 8.3854334 8.383243 8.3810527 8.3788623 8.3766719 8.3744815 8.3743731 8.3686675 8.3629618 8.3572562 8.3515505 8.3463749 8.3486986 8.3527605 8.3568225 8.3608844 8.3649463
-9999 8.3838689 8.3937094 8.40355 8.4133905 8.4244771 8.4386411 8.4444362 8.4405725 8.4373831 8.4345725 8.431762 8.4289514 8.428848 8.4341656 8.4356278 8.4337919 8.4319559 8.43012 8.4286947 8.428217 8.4277393 8.4272615 8.4254983 8.4054877 8.3934195 8.4026388 8.4052629 8.4014872 8.3977116 8.393936 8.3947731 8.404502 8.4142309 8.4239599 8.430998 8.4254042 8.4258666 8.434993 8.4313163 8.4215346 8.4117528 8.4019711 8.3905177 8.3778626 8.374389 8.3721986 8.3700082 8.3678179 8.3720685 8.3754603 8.3697546 8.364049 8.3583433 8.3531677 8.3498279 8.3505557 8.3546176 8.3586795 8.3627414
-9999 8.3811217 8.3909623 8.4008028 8.413291 8.427455 8.441619 8.4474141 8.4435504 8.4396867 8.4361558 8.4333453 8.4305347 8.4304313 8.4357489 8.4410666 8.4446925 8.4428565 8.4410206 8.4395953 8.4391176 8.4386399 8.4309686 8.4109581 8.3909475 8.3788793 8.3880986 8.397318 8.4035904 8.3998148 8.3960392 8.3968762 8.4066052 8.4163341 8.4190703 8.4134765 8.4078827 8.4083451 8.4174715 8.426598 8.4278194 8.4180377 8.4082559 8.3968025 8.3841474 8.3714922 8.365535 8.3633446 8.3611542 8.3654049 8.3707687 8.3761325 8.3708418 8.3651361 8.3599605 8.3566207 8.353281 8.3524127 8.3564746 8.3605365
-9999 8.3783745 8.3882151 8.4021048 8.4162688 8.4304328 8.4445968 8.4503919 8.4465282 8.4426645 8.4388008 8.4349371 8.432118 8.4320146 8.4373322 8.4426499 8.4479676 8.4532852 8.4519212 8.450496 8.4500182 8.436439 8.4164284 8.3964179 8.3764073 8.3643391 8.3735584 8.3827778 8.3919971 8.4012164 8.3981423 8.3989794 8.4087083 8.4071426 8.4015488 8.395955 8.3903612 8.3908236 8.39995 8.4090765 8.4182029 8.4243225 8.4145408 8.4030874 8.3904322 8.3777771 8.3651219 8.3566809 8.3544906 8.3587412 8.364105 8.3694689 8.3748327 8.3719289 8.3667533 8.3634135 8.3600738 8.3567341 8.3542698 8.3583317
-9999 8.3767546 8.3909187 8.4050827 8.4192467 8.4334107 8.4475747 8.4533698 8.4495061 8.4456424 8.4417787 8.437915 8.4340513 8.4335979 8.4389155 8.4442332 8.4495509 8.4548685 8.4601862 8.4613966 8.4419094 8.4218988 8.4018882 8.3818777 8.3618671 8.3497989 8.3590182 8.3682375 8.3774569 8.3866762 8.3958955 8.4008086 8.3952149 8.3896211 8.3840273 8.3784335 8.3728397 8.3733021 8.3824285 8.391555 8.4006814 8.4098079 8.4189344 8.4093722 8.396717 8.3840619 8.3714068 8.3587516 8.3478269 8.3520776 8.3574414 8.3628052 8.3681691 8.3735329 8.3735461 8.3702063 8.3668666 8.3635269 8.3601872 8.3568475
-9999 8.3799954 8.3941594 8.4083234 8.4224874 8.4366514 8.4457622 8.4455904 8.4417267 8.437863 8.4339993 8.4301356 8.4265073 8.4249906 8.4280059 8.4333235 8.4386412 8.4439588 8.4492765 8.4469353 8.4269247 8.4069141 8.3869036 8.366893 8.3527662 8.3524092 8.3470544 8.3562738 8.3654931 8.3747124 8.3839317 8.3880914 8.3824976 8.3769038 8.37131 8.3657162 8.3640595 8.3708107 8.3799372 8.3890637 8.3981901 8.4073166 8.4113438 8.4083486 8.3984226 8.3857675 8.3731123 8.3604572 8.347802 8.3505106 8.3558744 8.3612383 8.3666021 8.3725032 8.3790657 8.3757259 8.3723862 8.3690465 8.3657068 8.3664061
-9999 8.3833251 8.3974891 8.4116531 8.4258171 8.4313176 8.4343445 8.4341727 8.430309 8.4264453 8.4225816 8.41919 8.4160561 8.4145394 8.4162609 8.4181885 8.4235062 8.4288238 8.4341415 8.4318003 8.4117897 8.3917791 8.3717686 8.3649054 8.3689096 8.3685526 8.3565065 8.3451814 8.3544007 8.36362 8.3728393 8.376999 8.3714052 8.3658114 8.3602176 8.3615607 8.3666517 8.3734029 8.3825293 8.3916558 8.4007822 8.4022819 8.4016511 8.3986559 8.393961 8.3859243 8.3732691 8.360614 8.3479588 8.3506674 8.3560312 8.3613951 8.3681711 8.3775922 8.3841546 8.3808149 8.3774752 8.3741355 8.3765635 8.3812409
-9999 8.3866547 8.4008187 8.4138459 8.4168729 8.4198999 8.4229269 8.422755 8.4188914 8.4150277 8.4118726 8.4087388 8.405605 8.4040882 8.4058097 8.4075313 8.4092528 8.4136888 8.4190065 8.4166653 8.3966547 8.3766441 8.3770445 8.3810487 8.3850529 8.384696 8.3726499 8.3606038 8.3485578 8.3525276 8.3617469 8.3659066 8.3603128 8.354719 8.3590619 8.3641528 8.3692438 8.375995 8.3851214 8.3938507 8.3932199 8.3925892 8.3919584 8.3889633 8.3842683 8.3795734 8.3734259 8.3607708 8.3481156 8.3508242 8.356188 8.3638389 8.37326 8.3826812 8.3892436 8.3859039 8.3825642 8.386721 8.3913983 8.3960756
-9999 8.3899844 8.3994013 8.4024283 8.4054553 8.4084822 8.4115092 8.4113374 8.4076891 8.4045552 8.4014214 8.3982876 8.3951538 8.393637 8.3953586 8.3970801 8.3988016 8.4005232 8.4038715 8.4015303 8.3851795 8.3891837 8.3931879 8.3971921 8.4011963 8.4008393 8.3887933 8.3767472 8.3647011 8.3526551 8.3506545 8.3548142 8.3514722 8.3565631 8.361654 8.366745 8.3718359 8.3785871 8.3847887 8.384158 8.3835273 8.3828965 8.3822658 8.3792706 8.3745756 8.3698807 8.3651857 8.3604908 8.3482724 8.350981 8.3595068 8.3689279 8.378349 8.3877702 8.3943326 8.3922011 8.3968784 8.4015557 8.4062331 8.4109104
-9999 8.3850696 8.3880966 8.3911236 8.3941506 8.3971776 8.4002045 8.403966 8.4008322 8.3976984 8.3945646 8.3914308 8.3882969 8.3834668 8.3851884 8.3869099 8.3886315 8.390353 8.3920745 8.3944863 8.3984905 8.4024947 8.4064989 8.4105031 8.4145073 8.4144281 8.402382 8.3903359 8.3782899 8.3662438 8.3541978 8.3480051 8.3530961 8.358187 8.3632779 8.3683689 8.3734598 8.3765636 8.3759328 8.3753021 8.3746714 8.3740406 8.3734099 8.3710094 8.3663144 8.3616195 8.3569245 8.3522296 8.3475346 8.3530898 8.3625109 8.3719321 8.3813532 8.3907743 8.3991578 8.4038351 8.4085125 8.4131898 8.4178672 8.4225445
-9999 8.3746169 8.3776439 8.3806709 8.3836979 8.3867249 8.3941331 8.4056421 8.4210839 8.4179501 8.4148163 8.4116825 8.4085487 8.3996374 8.3791564 8.3788589 8.3805805 8.382302 8.3840235 8.3864353 8.3904395 8.3944437 8.3984479 8.4024521 8.4042555 8.402983 8.3960468 8.3846575 8.3726114 8.3605654 8.3485193 8.3423267 8.3474176 8.3525085 8.3575995 8.3626904 8.3705929 8.3749653 8.3733881 8.3727573 8.3721266 8.3714958 8.3708651 8.3703103 8.3688495 8.3641545 8.3594596 8.3547646 8.3500697 8.3464786 8.3497915 8.3592126 8.3686337 8.3780549 8.3864535 8.3913105 8.3960067 8.4006841 8.4053614 8.4100387
-9999 8.3641643 8.3671913 8.3702183 8.3742443 8.3820755 8.3899068 8.4014158 8.4171694 8.432923 8.435068 8.4319342 8.4288004 8.4198891 8.3994081 8.3789271 8.3725295 8.374251 8.3759726 8.3783843 8.3823885 8.3863927 8.3903969 8.3913311 8.3921718 8.3908994 8.3839631 8.3770269 8.3669329 8.3548869 8.3428408 8.3366482 8.3417391 8.3468301 8.3521467 8.3607017 8.3692566 8.3736289 8.3720175 8.3704061 8.3695818 8.3689511 8.3683203 8.3677655 8.3672652 8.3666896 8.3619946 8.3572997 8.3526047 8.3490137 8.3456134 8.3464931 8.3559142 8.3653354 8.3737341 8.378591 8.383448 8.3881783 8.3928556 8.397533
-9999 8.3537116 8.3567386 8.3621867 8.370018 8.3778492 8.3856805 8.3971895 8.4129431 8.4286967 8.4444503 8.452186 8.4490521 8.4401409 8.4196599 8.3991789 8.3786979 8.3662 8.3679216 8.3703334 8.3743376 8.3775661 8.3784068 8.3792475 8.3800882 8.3788157 8.3718795 8.3649432 8.358007 8.3492084 8.3371624 8.3309697 8.3360607 8.3422555 8.3508104 8.3593653 8.3679202 8.3722926 8.3706812 8.3690698 8.3674583 8.3664063 8.3657755 8.3652207 8.3647205 8.3642202 8.36372 8.3598348 8.3551398 8.3515487 8.3481484 8.3447481 8.3431948 8.3526159 8.3610146 8.3658715 8.3707285 8.3755855 8.3803498 8.3850272
-9999 8.343259 8.3501291 8.3579604 8.3657917 8.3736229 8.3814542 8.3929632 8.4087168 8.4244704 8.440224 8.4559776 8.4693039 8.4603926 8.4399116 8.4194306 8.3989496 8.3784686 8.3598706 8.3622824 8.3646417 8.3654824 8.3663231 8.3671638 8.3680045 8.3667321 8.3597958 8.3528596 8.3459233 8.3389871 8.3314839 8.3252913 8.3323642 8.3409191 8.3494741 8.358029 8.3665839 8.3709563 8.3693448 8.3677334 8.366122 8.3645106 8.3632307 8.3626759 8.3621757 8.3616754 8.3611752 8.3606749 8.3576749 8.3540838 8.3506835 8.3472832 8.3438829 8.3404826 8.3482951 8.3531521 8.358009 8.362866 8.3677229 8.3725214
-9999 8.3463461 8.3541774 8.3620087 8.36984 8.3776713 8.3855026 8.3851276 8.4008812 8.4166348 8.4323883 8.4481419 8.4638955 8.4716857 8.453671 8.43319 8.412709 8.392228 8.3717471 8.3577134 8.3585541 8.3593948 8.3602355 8.3610762 8.3619169 8.3612149 8.3541267 8.3471905 8.3402542 8.333318 8.3263817 8.3247368 8.3332917 8.3418466 8.3504015 8.3589565 8.3675114 8.3739559 8.3723444 8.370733 8.3691216 8.3675102 8.3654178 8.3622338 8.3617335 8.3612333 8.360733 8.3602328 8.3597325 8.3567596 8.3533593 8.349959 8.3465587 8.3431584 8.3430599 8.3479169 8.3527739 8.3576308 8.3624878 8.3669032
-9999 8.3635448 8.3713761 8.3792073 8.3870386 8.3871273 8.3722262 8.3715558 8.3873094 8.403063 8.4188165 8.434398 8.4493297 8.4570014 8.4501345 8.4366317 8.4161507 8.3956697 8.3751887 8.3611551 8.3619958 8.3628365 8.3636772 8.3646883 8.3669814 8.3665903 8.3590046 8.3517157 8.3447794 8.3378432 8.3309069 8.329262 8.3378169 8.3463718 8.3549267 8.3644089 8.3770619 8.3838463 8.3822348 8.3806234 8.379012 8.3751687 8.3674569 8.3643363 8.3645162 8.3641327 8.3636324 8.3631322 8.3626319 8.359659 8.3562587 8.3528584 8.3494581 8.3489218 8.3497191 8.3545761 8.359433 8.36429 8.3672831 8.3662786
-9999 8.3807434 8.3885747 8.396406 8.3884565 8.3735555 8.3586544 8.357984 8.3737376 8.3894912 8.404782 8.4197137 8.4346455 8.4423172 8.4354503 8.4285834 8.4195923 8.3991113 8.3786303 8.3645967 8.3654374 8.3662781 8.3677706 8.3700637 8.3723568 8.3719656 8.36438 8.3567944 8.3493046 8.3423684 8.3354321 8.3337871 8.3423421 8.350897 8.3616464 8.3742993 8.3869523 8.3937367 8.3921253 8.3905138 8.3849195 8.3772077 8.3694959 8.3663753 8.3665553 8.3667352 8.3665318 8.3660316 8.3655313 8.3625584 8.3591581 8.3563304 8.3559557 8.355581 8.3563783 8.3612352 8.3660922 8.3676631 8.3666586 8.3656541
-9999 8.3979421 8.4046868 8.3897858 8.3748847 8.3599837 8.3450826 8.3444122 8.3601658 8.375166 8.3900977 8.4050295 8.4199612 8.4276329 8.420766 8.4138991 8.4070322 8.4001653 8.3820719 8.3680383 8.368879 8.3708528 8.3731459 8.375439 8.3777322 8.377341 8.3697554 8.3621697 8.3545841 8.3469985 8.3399573 8.3383123 8.3468672 8.3588838 8.3715368 8.3841897 8.3968427 8.4036271 8.4020157 8.3946704 8.3869586 8.3792468 8.371535 8.3684144 8.3685943 8.3687743 8.3689543 8.368931 8.3684307 8.3654578 8.3633642 8.3629895 8.3626148 8.3622401 8.3630375 8.3678944 8.368043 8.3670385 8.366034 8.3650295
-9999 8.4060161 8.391115 8.376214 8.3613129 8.3464119 8.3315108 8.3306183 8.34555 8.3604818 8.3754135 8.3903452 8.4052769 8.4129486 8.4060817 8.3992148 8.3923479 8.385481 8.3786141 8.371642 8.3739351 8.3762282 8.3785213 8.3808144 8.3831075 8.3827164 8.3751308 8.3675451 8.3599595 8.3523738 8.3447882 8.3434683 8.3561212 8.3687742 8.3814272 8.3940801 8.4067331 8.412133 8.4044212 8.3967094 8.3889976 8.3812858 8.373574 8.3704534 8.3706334 8.3708134 8.3709933 8.3711733 8.3713302 8.3703981 8.3700234 8.3696487 8.369274 8.3688993 8.3694275 8.368423 8.3674185 8.366414 8.3654094 8.3644049
-9999 8.40938 8.394479 8.3795779 8.3646768 8.3497758 8.3378394 8.3394409 8.3543726 8.3693043 8.3842361 8.3991678 8.4082974 8.4077087 8.4008845 8.3940176 8.3871507 8.3802838 8.3734169 8.3693198 8.3716129 8.373906 8.3761992 8.3784923 8.3826948 8.3852729 8.3758063 8.3682206 8.360635 8.3530494 8.3454637 8.3447909 8.3574439 8.3700968 8.3827498 8.3954028 8.4057784 8.4074175 8.3997057 8.391994 8.3842822 8.3765704 8.3694917 8.3707922 8.3742767 8.3744567 8.3746366 8.3748166 8.3749965 8.3747036 8.3743289 8.3739542 8.3735795 8.3726464 8.3704979 8.3694933 8.3684888 8.3674843 8.3664798 8.3559665
