mean_models/J1_mean__temp2_slide_140.dat.tif
NCOLS 118
NROWS 92
XLLCORNER 139.62
YLLCORNER -39.07
DX 0.099491525
DY 0.099347826
NODATA_VALUE -9999
[rows 27 to 53 of 92, columns 0 to 59 of 118]
-9999 944.29233 935.24415 924.76294 905.74799 886.73303 867.71808 855.5778 851.37175 847.16571 842.95966 843.84339 846.12386 849.95515 856.89203 863.82891 870.76579 874.63278 877.26898 883.23605 896.88762 910.53918 920.35341 929.69798 939.04256 954.55834 986.61451 1018.6707 1050.7269 1068.4467 1080.3904 1088.4073 1088.8545 1089.3017 1090.3694 1091.4561 1092.5427 1092.4716 1090.7443 1089.0169 1087.2895 1093.1792 1099.7964 1105.3431 1110.1201 1114.897 1118.3909 1114.2258 1110.0608 1102.5085 1094.3708 1086.2331 1085.656 1093.4459 1099.2688 1098.2785 1097.2882 1096.2979 1099.2266 1102.8684
-9999 956.51761 943.08626 924.07131 905.05636 886.0414 867.02645 854.88617 850.68012 846.47408 842.26803 838.06199 837.02572 840.857 847.79389 854.73077 861.66765 868.60453 873.65314 879.62022 892.55808 901.90265 911.24723 920.59181 929.93638 945.45216 977.50833 1009.5645 1041.6207 1073.6768 1096.4954 1104.5122 1105.1026 1106.1892 1107.2759 1108.3625 1109.4492 1109.3781 1107.6507 1105.9233 1104.196 1102.4686 1106.4202 1111.9668 1116.7438 1121.5208 1126.2978 1131.0748 1127.5135 1119.9612 1111.8235 1103.6858 1095.5481 1091.9485 1097.7714 1096.7811 1095.7908 1094.8005 1093.8102 1095.8599
-9999 962.98831 943.97336 924.95841 905.94346 886.92851 867.91356 855.71846 851.51241 847.30637 843.10032 838.89428 834.68823 835.08291 842.01979 848.95667 855.89356 862.83044 869.76732 877.43225 886.77682 896.1214 905.46598 914.81055 924.15513 937.80525 969.86142 1001.9176 1033.9738 1066.0299 1098.0861 1119.5641 1120.6507 1121.7374 1122.824 1123.9107 1124.9973 1124.1839 1122.4565 1120.7291 1119.0018 1117.2744 1115.547 1117.448 1122.225 1127.002 1131.779 1136.556 1141.3329 1135.8004 1127.6627 1119.525 1111.3873 1103.2496 1097.9011 1096.9108 1095.9205 1094.9302 1093.9399 1092.9496
-9999 976.87206 957.85711 938.84216 919.82721 900.81226 890.27836 878.6306 864.89013 860.68408 856.47804 852.27199 848.06595 849.7168 863.09642 870.54728 877.48416 884.42104 891.35792 899.02286 908.36743 917.71201 927.05658 936.40116 953.40705 970.24731 977.18102 1006.2838 1038.34 1070.3962 1102.4523 1123.9303 1125.017 1126.1036 1127.1903 1128.2769 1126.8503 1123.9571 1119.969 1118.2416 1116.5143 1114.7869 1113.0595 1114.4257 1118.3001 1123.0771 1127.8541 1132.6311 1137.4081 1135.8182 1130.2191 1122.0814 1113.9437 1105.806 1101.3347 1109.5634 1109.4453 1108.455 1107.4647 1106.4744
-9999 990.75582 971.74087 952.72592 935.56234 925.9645 916.36667 904.71892 890.70529 876.69167 869.85575 865.6497 861.44366 863.09451 876.47413 889.85375 899.07477 906.01165 912.94853 920.61346 929.95804 939.30262 948.64719 968.72805 989.26443 1006.1047 1013.0384 1019.9721 1042.7062 1074.7624 1106.8186 1128.2966 1129.3832 1130.4699 1131.3864 1129.3342 1127.2819 1124.3887 1120.2924 1116.1961 1114.0268 1112.2994 1110.572 1111.9382 1115.5282 1119.1522 1123.9292 1128.7062 1133.4832 1131.8934 1129.2032 1124.6378 1116.5001 1108.3624 1103.8911 1112.1198 1120.3484 1121.9799 1120.9896 1119.9993
-9999 1004.6396 985.62462 971.24849 961.65065 952.05282 942.45499 930.80723 916.79361 902.77998 888.76636 879.02742 874.82137 876.47222 889.85184 903.23146 916.61108 927.60226 934.53914 942.20407 951.54865 963.51268 984.04906 1004.5854 1025.1218 1041.9621 1048.8958 1055.8295 1062.7632 1079.1286 1111.1848 1132.6628 1133.7494 1133.8702 1131.818 1129.7658 1127.7136 1124.8204 1120.7241 1116.6278 1112.5315 1109.8119 1108.0845 1109.4507 1113.0407 1116.6308 1120.2209 1124.7813 1129.5583 1127.9685 1125.2783 1122.5881 1119.0565 1110.9188 1106.4475 1114.6762 1122.9048 1131.1335 1134.5144 1133.5241
-9999 1018.5233 1006.9346 997.3368 987.73897 978.14114 968.5433 956.89555 942.88192 928.8683 914.85467 900.84105 888.19909 889.84994 903.22956 916.60918 929.9888 943.36842 956.12975 963.79468 978.83368 999.37006 1019.9064 1040.4428 1060.9792 1077.8194 1084.7532 1091.6869 1098.6206 1105.5543 1115.551 1137.029 1136.3541 1134.3019 1132.2496 1130.1974 1128.1452 1125.252 1121.1557 1117.0594 1112.9631 1108.8668 1105.597 1106.9632 1110.5532 1114.1433 1117.7334 1121.3235 1125.6334 1124.0436 1121.3534 1118.6633 1115.9731 1113.2829 1109.0039 1117.2326 1125.4612 1133.6899 1141.9186 1147.0489
-9999 1038.7971 1029.1993 1019.6014 1010.0036 1000.4058 990.80792 976.14743 961.97991 947.96629 933.95266 919.93903 905.92541 907.22901 923.55786 936.93748 950.3171 963.69672 977.07634 992.62006 1013.1564 1033.6928 1054.2292 1074.7656 1095.3019 1101.3613 1107.5924 1114.5262 1121.4599 1128.3936 1135.3273 1139.1917 1137.1395 1135.0873 1133.035 1130.9828 1128.9306 1126.5929 1122.3127 1118.2164 1114.1201 1110.0238 1105.9275 1103.1747 1106.7648 1110.3549 1113.9449 1117.535 1121.1251 1123.2679 1120.5777 1117.8875 1115.1973 1112.5071 1110.713 1117.3169 1125.5455 1133.7742 1142.0029 1150.2315
-9999 1054.7554 1045.1575 1035.5597 1025.9619 1015.7839 1004.1735 989.4406 971.10415 955.53529 941.52167 927.50804 913.49442 914.79802 946.77526 968.72921 982.10883 995.48846 1008.8681 1024.4118 1044.9482 1065.4845 1086.0209 1105.2348 1105.6762 1106.98 1110.5954 1115.895 1122.8287 1129.7624 1136.6961 1140.5606 1138.5083 1136.4561 1134.4039 1132.9842 1134.5339 1132.575 1125.5965 1120.5696 1116.4733 1112.377 1108.2807 1104.7596 1101.652 1104.4208 1108.0108 1111.6009 1115.191 1120.6871 1124.9956 1122.3054 1119.6153 1116.9251 1115.131 1116.4407 1121.5526 1129.7813 1138.0099 1146.2386
-9999 1070.7137 1061.1158 1051.518 1040.6876 1029.0771 1017.4666 1002.7338 984.39732 966.06087 949.09068 935.07705 921.06342 922.36703 954.34427 986.32151 1013.9006 1027.2802 1040.6598 1056.2035 1076.7399 1097.2763 1110.4121 1110.8535 1111.2949 1112.5988 1116.2142 1119.8296 1124.1975 1131.1313 1138.065 1141.9294 1139.8772 1137.8249 1137.4165 1138.9662 1140.5159 1138.557 1131.5785 1124.6001 1118.8266 1114.7303 1110.6339 1107.1128 1104.0052 1100.8976 1102.0768 1105.6668 1109.2569 1114.7531 1120.5786 1126.4042 1124.0332 1121.343 1119.5489 1120.8587 1122.1684 1125.7884 1134.017 1142.2457
-9999 1086.6719 1077.0741 1065.5913 1053.9808 1042.3703 1030.7598 1016.0269 997.69049 979.35404 961.01759 942.68113 928.63243 929.93604 961.91328 993.89052 1025.8678 1057.845 1072.4515 1087.9953 1108.5316 1115.5895 1116.0309 1116.4723 1116.9137 1118.2176 1121.833 1125.4484 1129.0638 1132.6792 1139.4338 1143.2982 1141.246 1141.8488 1143.3985 1144.9483 1146.498 1144.5391 1137.5606 1130.5821 1123.6036 1117.0835 1112.9872 1109.4661 1106.3584 1103.2508 1100.1432 1099.7327 1103.3228 1108.819 1114.6446 1120.4701 1126.2957 1125.761 1123.9669 1125.2766 1126.5863 1127.8961 1130.0241 1138.2528
-9999 1102.1055 1090.495 1078.8845 1067.274 1055.6635 1044.053 1029.3201 1010.9837 992.64721 974.31076 955.97431 937.63785 937.50505 969.48229 1001.4595 1033.4368 1065.414 1097.3912 1119.787 1120.7668 1121.2082 1121.6496 1122.0911 1122.5325 1123.8363 1127.4517 1131.0672 1134.6826 1138.298 1141.9134 1144.7315 1146.2812 1147.8309 1149.3806 1150.9303 1152.48 1150.5211 1143.5426 1136.5641 1129.5857 1122.6072 1115.6287 1111.8193 1108.7117 1105.6041 1102.4964 1099.3888 1097.3887 1102.8849 1108.7105 1114.5361 1120.3616 1126.1872 1128.3848 1129.6946 1131.0043 1132.314 1133.6238 1134.9335
-9999 1104.3819 1092.7714 1081.1609 1069.5504 1057.9399 1052.6736 1045.4321 1027.0957 1008.7592 990.42276 972.0863 958.69396 958.82608 974.44163 1006.4189 1038.3961 1070.3733 1102.3506 1124.7919 1125.2333 1125.6747 1126.1161 1126.5575 1126.0704 1125.942 1132.9059 1136.5213 1140.1367 1143.7522 1147.3676 1150.2774 1151.8271 1153.3768 1154.9265 1156.4762 1154.6867 1147.394 1140.4155 1133.437 1126.4586 1119.4801 1113.5713 1112.8542 1111.605 1108.4973 1105.3897 1102.2821 1099.1744 1103.6836 1109.5092 1115.3348 1121.1604 1127.9929 1138.7077 1140.0174 1141.3272 1142.6369 1143.9466 1140.2325
-9999 1102.9322 1091.3217 1079.7112 1068.1008 1067.3671 1069.739 1062.4975 1044.161 1025.8246 1007.4881 999.06464 996.05609 996.18821 1002.6097 1010.4956 1042.4728 1074.4501 1106.4273 1128.8686 1129.31 1129.7514 1130.1928 1128.5595 1125.2113 1125.0828 1133.5841 1141.9198 1145.5352 1149.1506 1152.7661 1155.6759 1157.2256 1158.7753 1160.325 1155.9913 1148.4788 1141.186 1134.2076 1127.2291 1120.2506 1114.872 1109.9403 1109.2233 1111.536 1111.5732 1108.4656 1105.358 1102.2503 1106.7595 1112.5851 1118.4107 1126.883 1140.3129 1151.0277 1152.3374 1153.6472 1154.9569 1149.0925 1140.4304
-9999 1101.4826 1089.8721 1079.6889 1082.0607 1084.4325 1086.8043 1079.5628 1061.2264 1042.8899 1039.4353 1036.4268 1033.4182 1033.5503 1039.9718 1046.3934 1052.8149 1078.5268 1110.504 1132.9453 1133.3867 1133.8281 1131.0486 1127.7004 1124.3521 1124.2237 1132.725 1141.2263 1149.7276 1154.5491 1158.1645 1161.0744 1162.6241 1164.1738 1157.2958 1149.7833 1142.2709 1134.9781 1127.9996 1121.1045 1116.1728 1111.2411 1106.3094 1105.5923 1107.9051 1110.2178 1111.5415 1108.4339 1105.3262 1109.8354 1115.661 1125.7731 1139.203 1152.6329 1163.3477 1164.6574 1165.9672 1157.9525 1149.2904 1140.6282
-9999 1100.033 1094.3824 1096.7542 1099.1261 1101.4979 1103.8697 1096.6282 1082.8146 1079.806 1076.7975 1073.7889 1070.7803 1070.9125 1077.334 1083.7555 1090.177 1096.5985 1114.5807 1137.022 1136.8859 1133.5377 1130.1894 1126.8412 1123.493 1123.3645 1131.8658 1140.3671 1148.8684 1157.3697 1163.563 1166.4728 1166.1127 1158.6003 1151.0878 1143.5754 1136.0629 1128.7702 1122.4052 1117.4735 1112.5418 1107.6101 1102.6785 1101.9614 1104.2741 1106.5869 1108.8996 1111.2123 1108.4021 1112.9113 1124.6631 1138.0931 1151.523 1164.9529 1175.6677 1175.4747 1166.8125 1158.1504 1149.4882 1140.826
-9999 1107.8758 1110.2476 1112.6194 1114.9912 1117.363 1119.7348 1118.8967 1115.8881 1112.8796 1109.871 1106.8624 1103.8539 1103.1388 1109.5603 1115.9818 1122.4034 1128.8249 1135.2464 1138.7137 1135.3655 1132.0172 1128.669 1125.3208 1121.9726 1121.968 1130.4693 1138.9706 1147.4719 1155.9732 1164.4745 1167.506 1159.9936 1152.4811 1144.9687 1137.4562 1129.9438 1125.1862 1120.2545 1115.3229 1110.3912 1105.4595 1100.5278 1099.969 1102.2818 1104.5945 1106.9072 1109.22 1111.5327 1122.801 1136.2309 1149.6608 1163.0908 1176.5207 1185.4397 1176.7775 1168.1154 1159.4532 1150.7911 1142.1289
-9999 1114.6889 1117.0607 1119.4326 1121.8044 1124.1762 1118.9671 1116.067 1116.6169 1113.6084 1110.5998 1107.5913 1104.5827 1102.8241 1103.5686 1109.4739 1115.8954 1122.317 1128.7385 1132.2058 1128.8575 1125.5093 1122.1611 1118.8129 1121.2041 1125.0337 1125.9898 1133.5213 1142.0226 1150.5239 1159.0252 1162.0567 1154.5443 1147.0318 1139.5194 1132.0069 1122.1791 1120.072 1129.2681 1124.3364 1119.4048 1114.4731 1109.5414 1109.474 1112.6477 1114.9605 1117.2732 1119.586 1121.8987 1130.486 1142.1254 1155.5553 1168.9853 1182.4152 1191.6008 1186.0843 1177.7525 1169.0904 1160.4282 1151.7661
-9999 1121.5021 1123.8739 1126.2457 1126.8889 1120.9478 1115.0067 1112.1066 1112.7163 1113.326 1111.3287 1108.3201 1105.3115 1103.553 1104.2975 1105.042 1109.3875 1115.809 1122.2306 1125.6978 1122.3496 1119.0014 1115.6532 1120.3111 1125.2127 1129.0422 1129.9984 1130.9545 1136.5733 1145.0746 1153.5759 1156.6074 1149.0949 1141.5825 1133.8841 1123.5191 1113.1541 1111.047 1120.754 1130.4609 1128.4184 1123.4867 1118.555 1118.4876 1121.9171 1125.3265 1127.6392 1129.952 1132.2647 1140.8519 1150.5236 1161.4498 1174.8798 1188.3097 1197.4953 1191.9788 1186.4624 1178.7275 1170.0654 1161.4032
-9999 1128.3152 1130.687 1128.8696 1122.9285 1116.9874 1111.0463 1108.1462 1108.7559 1109.3656 1109.9752 1109.0489 1106.0404 1104.2818 1105.0263 1105.7708 1106.5154 1109.3011 1115.7226 1119.1899 1115.8417 1114.5164 1119.418 1124.3197 1129.2213 1133.0508 1134.0069 1134.9631 1135.9192 1139.6252 1148.1265 1151.158 1143.6456 1135.2241 1124.8591 1114.4941 1104.1291 1102.022 1111.7289 1121.4359 1131.1428 1132.5003 1127.5686 1127.5012 1130.9307 1134.3602 1137.7896 1140.318 1142.6307 1151.2179 1160.8896 1170.5612 1180.7743 1194.2042 1203.3897 1197.8733 1192.3568 1186.8404 1179.7026 1171.0404
-9999 1135.1284 1130.8504 1124.9093 1118.9682 1113.027 1107.0859 1104.1859 1104.7955 1105.4052 1106.0149 1106.6245 1106.7692 1105.0106 1105.7551 1106.4997 1107.2442 1107.9887 1109.2147 1112.682 1113.6234 1118.525 1123.4266 1128.3282 1133.2298 1137.0594 1138.0155 1138.9717 1139.9278 1140.8839 1142.6772 1145.7087 1136.5641 1126.1991 1115.8341 1105.4691 1095.1041 1092.997 1102.7039 1112.4109 1122.1178 1131.8248 1136.5822 1136.5148 1139.9443 1143.3737 1146.8032 1150.2327 1152.9967 1161.5839 1171.2556 1180.9272 1190.5989 1200.2705 1209.2842 1203.7678 1198.2513 1192.7349 1187.2184 1180.6776
-9999 1133.6722 1127.7311 1121.79 1115.8489 1109.9078 1103.9667 1107.3933 1108.003 1108.6126 1109.2223 1109.832 1110.4417 1108.1485 1107.6754 1108.4199 1109.1644 1109.909 1110.6535 1112.6551 1117.5567 1122.4583 1127.3599 1132.2615 1137.1631 1133.7844 1133.27 1134.2261 1135.1822 1136.1383 1137.0945 1134.1837 1123.8187 1113.4537 1103.0887 1092.7237 1082.3587 1090.9466 1100.6536 1110.3605 1120.0675 1129.7744 1138.8853 1141.6515 1145.081 1148.5105 1151.94 1155.3695 1158.799 1167.5508 1177.2224 1186.8941 1196.5657 1206.2374 1207.5109 1201.9944 1196.478 1190.9615 1185.4451 1180.4173
-9999 1131.8897 1125.9486 1120.0075 1114.0664 1112.2472 1118.4082 1121.9921 1122.6018 1123.2115 1123.8211 1124.1468 1123.4001 1120.9114 1114.9343 1112.2335 1112.9781 1113.7226 1114.4671 1116.4687 1121.3703 1126.2719 1131.1735 1134.8201 1129.0257 1123.3573 1118.0266 1115.5681 1116.5243 1117.4804 1118.4365 1115.5257 1105.1607 1094.7957 1084.4307 1078.8517 1089.6383 1099.9807 1109.6876 1119.3946 1129.1015 1136.0425 1138.1894 1140.9314 1144.1012 1147.4861 1150.9156 1154.3451 1157.7746 1166.5264 1176.1981 1185.8697 1195.5413 1195.3596 1193.5514 1188.0349 1182.5185 1177.002 1173.5486 1174.52
-9999 1130.1072 1124.1661 1118.225 1120.6851 1126.8461 1133.007 1136.591 1137.2006 1137.8103 1137.6563 1136.9096 1136.163 1133.6743 1127.6972 1121.7201 1116.7917 1117.5362 1118.2807 1120.2823 1125.1839 1130.0856 1130.1874 1124.393 1118.5986 1112.9302 1107.5995 1102.2688 1097.8663 1098.8224 1099.7786 1096.8678 1086.5028 1076.1378 1077.0992 1087.8857 1098.6723 1109.0147 1118.7216 1128.4286 1133.1997 1135.3466 1137.4936 1140.2356 1143.4053 1146.5751 1149.8912 1153.3207 1156.7502 1165.502 1175.1737 1182.8754 1182.1378 1181.4001 1179.5919 1174.0755 1168.559 1166.6798 1167.6513 1168.6228
-9999 1128.3247 1122.962 1129.123 1135.2839 1141.4449 1147.6059 1151.1898 1151.7995 1151.1659 1150.4192 1149.6725 1148.9259 1146.4372 1140.4601 1134.4829 1128.5058 1122.5287 1122.0944 1124.096 1128.9976 1125.5547 1119.7603 1113.9659 1108.1715 1102.5031 1097.1724 1091.8417 1086.5109 1081.1802 1081.1206 1078.2098 1067.8448 1075.3466 1086.1332 1096.9198 1107.7063 1118.0487 1127.7557 1130.3568 1132.5038 1134.6507 1136.7977 1139.5397 1142.7095 1145.8792 1149.049 1152.2963 1155.7258 1164.4776 1169.6536 1168.916 1168.1783 1167.4406 1165.6324 1160.116 1159.8111 1160.7825 1161.754 1162.7255
-9999 1131.3999 1137.5608 1143.7218 1149.8828 1156.0437 1162.2047 1165.4221 1164.6754 1163.9288 1163.1821 1162.4354 1161.6887 1159.2001 1153.223 1147.2458 1141.2687 1135.2916 1129.3145 1126.7163 1120.922 1115.1276 1109.3332 1103.5388 1097.7444 1092.076 1086.7453 1081.4146 1076.0838 1070.7531 1065.4224 1062.8075 1073.5941 1084.3807 1095.1672 1105.9538 1116.7404 1125.367 1127.514 1129.6609 1131.8079 1133.9549 1136.1018 1138.8438 1142.0136 1145.1833 1148.3531 1151.5229 1154.7015 1156.4318 1155.6941 1154.9565 1154.2188 1153.4812 1151.9709 1152.9423 1153.9138 1154.8853 1155.8567 1156.8282
-9999 1136.524 1142.6849 1148.8459 1155.0069 1161.1679 1166.0367 1167.8346 1167.0879 1166.3412 1165.5945 1164.8479 1161.2314 1156.2217 1153.9432 1147.9661 1141.989 1136.0118 1130.0347 1124.1129 1118.3185 1112.5241 1106.7297 1100.9353 1100.5693 1103.9615 1095.163 1089.8323 1084.5016 1079.1708 1073.8401 1074.0145 1084.8011 1095.5877 1106.3742 1117.1608 1125.6849 1130.2987 1132.4457 1134.5926 1136.7396 1138.8865 1139.801 1140.1059 1141.9138 1145.0836 1148.2534 1151.4231 1154.5929 1154.431 1153.6934 1152.9557 1152.2181 1152.0053 1153.1849 1154.1564 1155.1278 1156.0993 1157.0707 1162.3998
