mean_models/J1_mean_vp_slide_diff2_30.dat.tif
NCOLS 118
NROWS 92
XLLCORNER 139.62
YLLCORNER -39.07
DX 0.099491525
DY 0.099347826
NODATA_VALUE -9999
[rows 26 to 51 of 92, columns 57 to 113 of 118]
0.25260837 0.24403522 0.23546208 0.23364378 0.23641568 0.23533798 0.22865642 0.22197485 0.21529328 0.20648415 0.19760191 0.19665866 0.19748571 0.19831275 0.19999556 0.2027734 0.20555124 0.20859407 0.21355999 0.21832427 0.20508063 0.19183699 0.19239922 0.19384091 0.1952826 0.21360462 0.23972565 0.26584668 0.282174 0.28540503 0.2899009 0.2966759 0.30333603 0.30970931 0.31608259 0.32231198 0.32385918 0.32540637 0.32695356 0.32624819 0.32528292 0.34890361 0.37514277 0.37956077 0.38077169 0.38198262 0.38595077 0.39123337 0.39270356 0.3927163 0.39272903 0.39664003 0.40263519 0.40798462 0.41305451 0.4181244 -9999
0.26111294 0.25172369 0.24315054 0.24133224 0.24410415 0.24687605 0.24759232 0.24091076 0.23422919 0.22542005 0.21653781 0.20765557 0.20507609 0.20590314 0.20758594 0.21036378 0.21372887 0.21869479 0.2236607 0.22842498 0.21518134 0.20193771 0.18869407 0.18740549 0.18884718 0.2071692 0.23329024 0.24673271 0.24996374 0.25319478 0.25769065 0.26446565 0.27124064 0.2779514 0.28432468 0.29055408 0.29210127 0.29364846 0.2927332 0.29176794 0.29080267 0.31442336 0.34066253 0.36690169 0.37394227 0.3751532 0.37912135 0.38440395 0.38968655 0.39148502 0.39149776 0.39540875 0.40140391 0.40739907 0.41280614 0.41787603 -9999
0.27510914 0.26123434 0.25083901 0.24902071 0.25179261 0.25456452 0.25733642 0.25984666 0.2531651 0.24435596 0.23547372 0.22659148 0.21770924 0.21349352 0.21517633 0.21886367 0.22382958 0.2287955 0.23376142 0.2385257 0.22528206 0.21203842 0.19879479 0.18555115 0.18241177 0.20073379 0.21129142 0.21452245 0.21775349 0.22098452 0.22548039 0.23225539 0.23903039 0.24580538 0.25256677 0.25879617 0.26018348 0.25921821 0.25825295 0.25728769 0.25632243 0.27994311 0.30618228 0.33242144 0.35866061 0.36832377 0.37229192 0.37757453 0.38285713 0.38813973 0.39026648 0.39417747 0.40017263 0.40616779 0.41216295 0.41762766 -9999
0.28628259 0.27240779 0.25853298 0.25289382 0.25566573 0.25843763 0.26120954 0.26398144 0.26675335 0.26095786 0.25207562 0.24319338 0.23431113 0.22542889 0.22262144 0.22758736 0.23255327 0.23751919 0.24248511 0.24533399 0.23459597 0.22135233 0.2081087 0.19486506 0.18162143 0.17964624 0.18287727 0.18610831 0.18933934 0.19257038 0.19219153 0.19896653 0.20574153 0.21251652 0.21929152 0.22583576 0.2248705 0.22390523 0.22293997 0.22197471 0.22158439 0.24831184 0.274551 0.30079017 0.32702934 0.35326851 0.36740672 0.37268932 0.37797192 0.38325452 0.38853712 0.39416027 0.40015543 0.40615059 0.41214575 0.41814091 -9999
0.27421817 0.26034337 0.24646856 0.23476269 0.22812968 0.23090159 0.23367349 0.2364454 0.2392173 0.25134283 0.24946319 0.24058095 0.23169871 0.22281647 0.22000901 0.22497493 0.22994085 0.23490677 0.23494755 0.22272814 0.2320794 0.22418903 0.2109454 0.19770176 0.18445812 0.18248294 0.18571397 0.18894501 0.19217604 0.18444394 0.16948823 0.15679824 0.16357324 0.17034823 0.17712323 0.18366747 0.18270221 0.18173694 0.18077168 0.18265645 0.20892494 0.23883323 0.26637341 0.29261258 0.31885174 0.34509091 0.36944049 0.38380951 0.38909211 0.39437471 0.39965732 0.40470329 0.41013291 0.41612807 0.42212323 0.42811839 -9999
0.26215375 0.24827895 0.23440414 0.22269827 0.21246628 0.20336554 0.20613745 0.20890935 0.21168125 0.22380679 0.23625372 0.23796853 0.22908628 0.22020404 0.21739659 0.22236251 0.22732842 0.22480264 0.21234169 0.20012228 0.20947354 0.21882481 0.21378209 0.20053846 0.18729482 0.18531964 0.18855067 0.1917817 0.18176543 0.16687249 0.15191677 0.13684793 0.12177909 0.12817994 0.13495494 0.14149918 0.14053392 0.13956865 0.14372851 0.169997 0.19626549 0.22617378 0.25646971 0.28443498 0.31067415 0.33691332 0.3612629 0.38471166 0.4002123 0.40549491 0.41077751 0.41582348 0.42074294 0.42610555 0.43210071 0.43809587 -9999
0.24702729 0.23621453 0.22233972 0.21063385 0.20040186 0.19016987 0.17993787 0.1813733 0.18414521 0.19627074 0.20871767 0.2211646 0.22647386 0.21759162 0.21478416 0.21975008 0.21465772 0.20219678 0.18973583 0.17751642 0.18686768 0.19621895 0.20557021 0.20337516 0.19013152 0.18815633 0.19138737 0.17908691 0.16419397 0.14930103 0.13434531 0.11927647 0.10420763 0.089138798 0.092786649 0.099330889 0.098365626 0.10480056 0.13106906 0.15733755 0.18360604 0.21351433 0.24381026 0.2741062 0.30249656 0.32873572 0.3530853 0.37653406 0.39998282 0.4166151 0.4218977 0.42694367 0.43186313 0.43678259 0.44207819 0.44807335 -9999
0.22727948 0.21986257 0.2102753 0.19856943 0.18833744 0.17810545 0.16787345 0.15764146 0.15660916 0.16873469 0.18118162 0.19362856 0.20607549 0.21497919 0.21217174 0.20451281 0.19205186 0.17959092 0.16712997 0.15491056 0.16426183 0.17361309 0.18296436 0.19231562 0.19296822 0.19099303 0.17640839 0.16151545 0.14662251 0.13172957 0.11677385 0.10170501 0.086636174 0.071567338 0.056498502 0.057162599 0.065872618 0.092141112 0.11840961 0.1446781 0.17094659 0.20085488 0.23115081 0.26144675 0.29174268 0.32055813 0.34490771 0.36835647 0.39180523 0.41525399 0.43301789 0.43806386 0.44298332 0.44790278 0.45282224 0.45805083 -9999
0.21381645 0.20639953 0.19898262 0.18780281 0.17757082 0.16733882 0.15710683 0.14687484 0.13664284 0.1362662 0.14871313 0.16116006 0.173607 0.18605393 0.18757449 0.17511355 0.1626526 0.15019166 0.13773071 0.12676342 0.14307621 0.15242747 0.16177873 0.17113 0.18048126 0.17324982 0.15835688 0.14346394 0.12857099 0.11367805 0.10647342 0.092300506 0.07723167 0.062162833 0.047093997 0.033257534 0.059526028 0.085794522 0.11206302 0.13833151 0.16074321 0.19121481 0.22151075 0.25180668 0.28210261 0.31239855 0.33890649 0.36235525 0.38580401 0.40925277 0.43270153 0.44376639 0.44868585 0.45360531 0.45852477 0.46344422 -9999
0.21071874 0.20330182 0.19588491 0.18408411 0.16930429 0.15871262 0.14848063 0.13824864 0.12801665 0.11381662 0.10810967 0.12055661 0.13300354 0.14545047 0.14697104 0.13451009 0.12204915 0.1095882 0.098640461 0.08899462 0.11479559 0.13358421 0.14293548 0.15228674 0.16163801 0.15440656 0.13951362 0.12462068 0.10972773 0.10268119 0.097216579 0.093726866 0.081296724 0.066227887 0.051159051 0.037322588 0.063591082 0.089859576 0.11612807 0.13725557 0.1515328 0.18392985 0.21685047 0.2471464 0.27744234 0.30773827 0.33480033 0.35994347 0.38339223 0.40684099 0.43028975 0.44117164 0.44545316 0.45037262 0.45529207 0.46021153 -9999
0.20762103 0.20020411 0.1927872 0.18098641 0.16620658 0.15142676 0.13985443 0.12962244 0.11939045 0.10519043 0.090854059 0.07995315 0.092400083 0.10484702 0.10636758 0.093906634 0.081445689 0.070914406 0.060871657 0.051225816 0.077026784 0.10282775 0.12409222 0.13344348 0.14279475 0.1355633 0.12067036 0.1065456 0.099984974 0.093424352 0.087959737 0.084470025 0.080980313 0.070292941 0.055224105 0.041387642 0.067656136 0.09392463 0.11376794 0.12804517 0.1423224 0.17471945 0.20904632 0.24248613 0.27278206 0.303078 0.33014005 0.35566043 0.38098046 0.40442922 0.42787798 0.43875986 0.44292298 0.44713992 0.45205938 0.45697884 -9999
0.19430117 0.19710641 0.18968949 0.1778887 0.16310888 0.14832905 0.13354923 0.12099624 0.11076425 0.096564227 0.08222786 0.067891493 0.053555126 0.064243559 0.065764123 0.053303178 0.04318835 0.033145602 0.023102854 0.013457012 0.03925798 0.065058949 0.090859917 0.11460022 0.12395149 0.11672004 0.10384937 0.097288753 0.090728132 0.084167511 0.078702895 0.075213183 0.071723471 0.068233759 0.059289159 0.045452696 0.07172119 0.090280301 0.10455753 0.11883476 0.13311199 0.16550904 0.19983591 0.23416278 0.26812178 0.29841772 0.32547978 0.35100015 0.37652052 0.40201744 0.4254662 0.43634809 0.44051121 0.44467433 0.44883746 0.45374615 -9999
0.17711032 0.18128665 0.18546299 0.17479099 0.16001117 0.14523135 0.13045153 0.1156717 0.10213805 0.087938028 0.073601661 0.059265294 0.044928927 0.03059256 0.025505043 0.015462295 0.0054195462 -0.004623202 -0.01466595 -0.024311792 0.0014891763 0.027290145 0.053091113 0.078892081 0.10469305 0.10115315 0.094592533 0.088031912 0.08147129 0.074910669 0.069446054 0.065956341 0.062466629 0.058976917 0.055487205 0.04951775 0.066792665 0.081069894 0.095347123 0.10962435 0.12390158 0.15629863 0.1906255 0.22495238 0.25927925 0.29360612 0.3208195 0.34633987 0.37186024 0.39738062 0.42290099 0.43393631 0.43809943 0.44226256 0.44642568 0.4505888 -9999
0.15349198 0.15766831 0.16828297 0.16766638 0.15358206 0.13880224 0.12402242 0.10924259 0.094462773 0.080111675 0.065775308 0.051438941 0.037102574 0.02712462 0.02206635 0.012023601 0.001980853 -0.0080618953 -0.018104644 -0.018619259 -0.0086031183 0.01719785 0.042998818 0.068799787 0.094600755 0.098266837 0.091706216 0.085145594 0.078584973 0.072599216 0.067078309 0.061104946 0.057615234 0.054125522 0.05063581 0.047675777 0.061953006 0.076230235 0.090507464 0.10478469 0.12505507 0.1582412 0.19256807 0.22689495 0.26122182 0.29359489 0.32074688 0.34626725 0.37178762 0.39730799 0.42334781 0.43534252 0.43950564 0.44366877 0.44783189 0.45022161 -9999
0.12769977 0.14107011 0.15802595 0.15740937 0.14485158 0.1312464 0.11646658 0.10168676 0.086906939 0.072555841 0.058219474 0.043883107 0.036459808 0.035296843 0.030238572 0.020195824 0.010153076 0.00074187208 0.0013585353 0.002048112 0.0092494212 0.016466132 0.0422671 0.068068068 0.093869037 0.097535119 0.090974497 0.084413876 0.078827513 0.074920499 0.069399592 0.060970595 0.054253822 0.05076411 0.047274398 0.044314364 0.058591593 0.072868822 0.087146051 0.10829439 0.13076973 0.16395586 0.19828273 0.23260961 0.26449936 0.29507388 0.32222586 0.34774624 0.37326661 0.39940229 0.42604532 0.43804003 0.44220315 0.44636628 0.4484096 0.44851585 -9999
0.11385725 0.13081309 0.14776894 0.14715235 0.13459457 0.12203678 0.10891075 0.094130927 0.079351105 0.065000007 0.05066364 0.045794996 0.044632031 0.043469065 0.038410795 0.028368046 0.02079258 0.021409244 0.022025907 0.022715483 0.029916793 0.037118102 0.044319411 0.06733635 0.093137318 0.0968034 0.090242779 0.08505581 0.081148796 0.077241783 0.071720876 0.063291879 0.054862882 0.047402698 0.043912986 0.040952952 0.055230181 0.06950741 0.091533724 0.11400905 0.13648438 0.16967052 0.20399739 0.23540384 0.26597835 0.29655286 0.32370485 0.34922522 0.37545676 0.4020998 0.42874283 0.44073754 0.44490066 0.44659758 0.44670384 0.4468101 -9999
0.10360023 0.12055608 0.13751192 0.13689534 0.12433755 0.11177977 0.099221985 0.086575093 0.071795271 0.057444173 0.055130184 0.053967219 0.052804253 0.051641288 0.046583017 0.040843289 0.041459952 0.042076615 0.042693278 0.043382855 0.050584164 0.057785473 0.064986783 0.072188092 0.0924056 0.096071682 0.091284107 0.087377093 0.08347008 0.079563066 0.074042159 0.065613162 0.057184165 0.048755168 0.040551574 0.03759154 0.052297722 0.074773053 0.097248383 0.11972371 0.14219904 0.17538518 0.20630832 0.23688283 0.26745734 0.29803185 0.32518384 0.35151124 0.37815427 0.4047973 0.43144034 0.44343505 0.44478557 0.44489182 0.44499808 0.44510434 -9999
0.091505076 0.10846092 0.12541676 0.12865527 0.11609749 0.10353971 0.090981921 0.078424136 0.065866351 0.063731081 0.062568116 0.06140515 0.060242185 0.05907922 0.058696926 0.059313589 0.059930252 0.060546916 0.061163579 0.062076218 0.068337733 0.075539042 0.082740351 0.089941661 0.09714297 0.096746338 0.092839324 0.088932311 0.085025298 0.081118284 0.077821537 0.06939254 0.060963543 0.052534545 0.044105548 0.03659789 0.05907322 0.081548551 0.10402388 0.12649921 0.14896531 0.17904063 0.20961514 0.24018965 0.27076416 0.30133867 0.32766238 0.35430541 0.38094845 0.40759148 0.43423452 0.44245455 0.44256081 0.44266707 0.44277332 0.44287958 -9999
0.065546546 0.082502389 0.099458233 0.11532115 0.12306938 0.1105116 0.097953813 0.085396028 0.072838243 0.067100392 0.064467985 0.063305019 0.062142054 0.060979088 0.060596795 0.061213458 0.061830121 0.062446784 0.063737293 0.066617681 0.066035938 0.071316548 0.078517857 0.085719167 0.092920476 0.092523844 0.08861683 0.084709817 0.080802804 0.080910829 0.083280912 0.084168943 0.075739946 0.067310949 0.058881952 0.051374294 0.073849624 0.096324955 0.11880029 0.14124117 0.16341471 0.19534273 0.22670762 0.25728213 0.28785664 0.31843115 0.3376935 0.35782867 0.3844717 0.41111474 0.43775777 0.44118202 0.43642175 0.436528 0.43663426 0.43674052 -9999
0.039588016 0.056543859 0.073499703 0.089362618 0.10448284 0.11748349 0.10492571 0.09236792 0.079810135 0.074072285 0.068568775 0.065204888 0.064041922 0.062878957 0.062496663 0.063113326 0.06372999 0.065359602 0.068278757 0.071159145 0.070577402 0.069995658 0.074295363 0.081496673 0.088697982 0.08830135 0.084394336 0.080487323 0.081418475 0.084042611 0.086412694 0.088324996 0.090237298 0.082087353 0.073658356 0.066150697 0.088626028 0.11110136 0.13351703 0.15569057 0.17786411 0.20979213 0.24275903 0.2743746 0.30494911 0.33552363 0.35478598 0.3686555 0.38799496 0.41463799 0.44128103 0.44470527 0.43571582 0.43038894 0.4304952 0.43060146 -9999
0.023612495 0.030585329 0.047541173 0.063404088 0.078524312 0.093644537 0.10876476 0.099339812 0.086782028 0.081044177 0.075540667 0.070037158 0.065941791 0.064778825 0.064396532 0.065013195 0.06698191 0.069901066 0.072820221 0.075700609 0.075118865 0.074537122 0.073955378 0.077274179 0.084475488 0.084078856 0.080171842 0.081926121 0.084550257 0.087174393 0.089544476 0.091456778 0.09336908 0.095281382 0.08843476 0.080927101 0.10340243 0.1257929 0.14796643 0.17013997 0.19231351 0.22424153 0.25720843 0.29017533 0.32204159 0.3526161 0.37187846 0.38574797 0.39961749 0.41816125 0.44480428 0.44822853 0.43923907 0.43024961 0.42435614 0.4244624 -9999
0.022165399 0.01851939 0.021582642 0.037445558 0.052565782 0.067686007 0.082806231 0.097926456 0.09375392 0.088016069 0.08251256 0.07700905 0.071505541 0.066678694 0.0662964 0.068604219 0.071523374 0.074442529 0.077361685 0.080242073 0.079660329 0.079078586 0.078496842 0.077915098 0.080252994 0.079856362 0.082433767 0.085057903 0.087682039 0.090306174 0.092676257 0.09458856 0.096500862 0.098413164 0.10032547 0.095703505 0.11806876 0.1402423 0.16241584 0.18458938 0.20676292 0.23869093 0.27165783 0.30462473 0.33759163 0.36970858 0.38897093 0.40284045 0.41670997 0.43057948 0.44832753 0.45175178 0.44276232 0.43377287 0.42478341 0.41832333 -9999
0.029188655 0.025542646 0.021066682 0.020039281 0.035159505 0.05027973 0.065399955 0.080520179 0.095640404 0.09082201 0.0853185 0.079814991 0.074311482 0.068807972 0.072414383 0.075333538 0.078252693 0.081171848 0.084091003 0.081794615 0.08799486 0.087413116 0.086831372 0.086249628 0.085667884 0.087278919 0.089903055 0.09252719 0.095151326 0.097775462 0.10487571 0.10813806 0.11005036 0.11196266 0.11387497 0.11639131 0.13856485 0.16073839 0.18291193 0.20508547 0.22744491 0.25942543 0.29239233 0.32535922 0.35832612 0.38828427 0.40041054 0.41428006 0.42814958 0.44201909 0.45468947 0.44844988 0.43946042 0.43047097 0.42148151 0.41286501 -9999
0.049673294 0.042523894 0.027860087 0.025846931 0.032430428 0.046464994 0.061585219 0.076705443 0.091825668 0.087007274 0.081503765 0.076000255 0.071995821 0.077980688 0.082620716 0.085539871 0.088459026 0.091378181 0.086532742 0.078158263 0.092880756 0.10177572 0.10119398 0.10061223 0.10003049 0.10164152 0.10426566 0.1068898 0.10951393 0.11165791 0.11866629 0.13445109 0.14015606 0.14206837 0.14398067 0.14649701 0.16867055 0.19084409 0.21301763 0.23544891 0.25816789 0.29014841 0.32311531 0.35608221 0.38227055 0.39074015 0.40286642 0.41673594 0.43060546 0.44163699 0.4405408 0.43430121 0.42531175 0.41632229 0.40845419 0.406299 -9999
0.063981105 0.049317298 0.034653491 0.032640336 0.039223832 0.045807328 0.057770483 0.072890708 0.088010932 0.083192538 0.077689029 0.076217287 0.082202154 0.088187022 0.092827049 0.095746204 0.098665359 0.091529491 0.08289639 0.074521912 0.089244405 0.1039669 0.11555658 0.11497484 0.11439309 0.11600413 0.11862826 0.12117299 0.12331074 0.1254485 0.13245687 0.14824167 0.16402647 0.17217407 0.17408637 0.17660271 0.19877625 0.22094979 0.2434529 0.26617189 0.28889088 0.32087139 0.35383829 0.37625683 0.38472643 0.39319603 0.4053223 0.41919182 0.42858452 0.42748832 0.42639212 0.42015253 0.41116307 0.40404337 0.40188818 0.399733 -9999
0.07077451 0.056110703 0.041446895 0.03943374 0.046017236 0.052600733 0.059184229 0.069075972 0.084196196 0.079377803 0.080438752 0.08642362 0.092408487 0.098393355 0.10303338 0.10515934 0.096526241 0.08789314 0.079260039 0.070885561 0.085608054 0.10033055 0.11505304 0.12933744 0.1287557 0.13036673 0.13282582 0.13496357 0.13710132 0.13923908 0.14624746 0.16203226 0.17781705 0.19360185 0.20419207 0.20670842 0.22888196 0.2514569 0.27417589 0.29689487 0.31961386 0.35159438 0.37024311 0.37871271 0.38718231 0.39565191 0.40777818 0.41553204 0.41443584 0.41333964 0.41224344 0.40600385 0.39963254 0.39747736 0.39532217 0.39316699 -9999
