mean_models/J1_mean_vp_slide_diff2_35.dat.tif
NCOLS 118
NROWS 92
XLLCORNER 139.62
YLLCORNER -39.07
DX 0.099491525
DY 0.099347826
NODATA_VALUE -9999
[rows 0 to 24 of 92, columns 56 to 111 of 118]
-9999 -9999 -9999 -9999 -9999 -9999 -9999 -9999 -9999 -9999 -9999 -9999 -9999 -9999 -9999 -9999 -9999 -9999 -9999 -9999 -9999 -9999 -9999 -9999 -9999 -9999 -9999 -9999 -9999 -9999 -9999 -9999 -9999 -9999 -9999 -9999 -9999 -9999 -9999 -9999 -9999 -9999 -9999 -9999 -9999 -9999 -9999 -9999 -9999 -9999 -9999 -9999 -9999 -9999 -9999 -9999
0.16639689 0.1645085 0.16262012 0.16073173 0.1524892 0.14946775 0.14904296 0.14861817 0.14819338 0.14776858 0.15422609 0.16034374 0.16646138 0.17257902 0.17869667 0.18354442 0.18676721 0.18999 0.19321279 0.19643558 0.1939903 0.20281214 0.20142301 0.20003389 0.19864476 0.19725563 0.19574196 0.19417074 0.19259953 0.19102831 0.19058553 0.1959341 0.19871602 0.20254194 0.20636786 0.21019378 0.21414576 0.22220028 0.23025481 0.23830933 0.24636385 0.24043545 0.23965087 0.23394637 0.22824187 0.22253737 0.21683287 0.22603277 0.23482142 0.24325193 0.25168244 0.26011296 0.2523658 0.24870658 0.24602131 0.24333603
0.17442957 0.17254119 0.17065281 0.16876442 0.16052188 0.14796144 0.14293783 0.14251304 0.14208824 0.14166345 0.14824143 0.15504063 0.16115828 0.16727592 0.17339356 0.17824132 0.18146411 0.18468689 0.18790968 0.18437228 0.18038669 0.19252315 0.20273233 0.20134321 0.19995408 0.19856495 0.19705128 0.19548007 0.19390885 0.19440778 0.20201757 0.20736614 0.20864019 0.21116037 0.21498628 0.2188122 0.22276419 0.23081871 0.23887323 0.24692775 0.23966913 0.22590438 0.22627319 0.22761356 0.22190906 0.21620456 0.21050006 0.21969996 0.23600523 0.24511015 0.25354066 0.26197118 0.25422401 0.23782761 0.23361773 0.23093246
0.17373003 0.18057388 0.17868549 0.17679711 0.16855457 0.15599412 0.14343367 0.13640791 0.13598311 0.13555832 0.1421363 0.14895491 0.15577352 0.16197282 0.16809046 0.17293821 0.176161 0.17910089 0.17493478 0.17076866 0.16678307 0.17891954 0.191056 0.20265253 0.2012634 0.19987428 0.1983606 0.19678939 0.19823003 0.20583982 0.2134496 0.21879817 0.22007223 0.22134628 0.22360471 0.22743063 0.23138261 0.23943713 0.24749165 0.23890281 0.22513806 0.21137331 0.21174212 0.2136162 0.21549027 0.20987176 0.20416726 0.21336716 0.22967243 0.2459777 0.25539888 0.26382939 0.25608223 0.23968583 0.22328943 0.21852888
0.17064859 0.17830038 0.18595216 0.18482979 0.17658726 0.16402681 0.15146636 0.13890591 0.12987798 0.12945319 0.13603117 0.14284978 0.14966838 0.15648699 0.16278736 0.16763511 0.1696634 0.16549728 0.16133116 0.15716505 0.15317946 0.16531592 0.17745238 0.18958885 0.20172531 0.2011836 0.19966992 0.20205228 0.20966207 0.21727185 0.22488164 0.23023021 0.23150426 0.23277832 0.23405237 0.23604905 0.24000103 0.24805556 0.2381365 0.22437175 0.210607 0.19684225 0.19721105 0.19908513 0.2009592 0.20283328 0.19783446 0.20703436 0.22333963 0.23964489 0.25595016 0.26568761 0.25794045 0.24154405 0.22514765 0.20875124
0.16756715 0.17521894 0.18287073 0.19052251 0.18461994 0.17205949 0.15949904 0.14693859 0.13437814 0.12334806 0.12992604 0.13674465 0.14356325 0.15038186 0.15720047 0.1602259 0.15605978 0.15189366 0.14772755 0.14356143 0.13957584 0.15171231 0.16384877 0.17598523 0.1881217 0.20025816 0.20587453 0.21348432 0.2210941 0.22870389 0.23631368 0.24166225 0.2429363 0.24421036 0.24548441 0.24675847 0.24861946 0.23737018 0.22360543 0.20984068 0.19607593 0.18231118 0.18267998 0.18455406 0.18642813 0.18830221 0.19017629 0.20070156 0.21700682 0.23331209 0.24961736 0.26592263 0.25979867 0.24340227 0.22700587 0.21060946
0.19330006 0.20095184 0.20860363 0.20093199 0.18440057 0.1702535 0.15769305 0.1451326 0.13257215 0.1200117 0.12618654 0.13300514 0.13982375 0.14664236 0.15293282 0.15427009 0.15010397 0.14593786 0.14177174 0.13762716 0.14826429 0.15219331 0.16432977 0.17646624 0.1886027 0.20073917 0.20977945 0.21738923 0.22499902 0.23260881 0.24132381 0.24332462 0.23510439 0.23637844 0.2376525 0.23892655 0.23975226 0.22598751 0.21222276 0.19845801 0.18469326 0.18762077 0.18990432 0.1917784 0.19365247 0.19552655 0.1968169 0.20816468 0.22446995 0.24077521 0.25708048 0.26185903 0.24979325 0.23339685 0.21700044 0.20060404
0.22359797 0.23124976 0.21890645 0.20194048 0.18540905 0.16917293 0.15432833 0.14176788 0.12920743 0.11664698 0.12282182 0.12964042 0.13645903 0.14255055 0.14818864 0.14952591 0.1453598 0.14119368 0.13924088 0.14995686 0.16059399 0.16418957 0.16778516 0.17917864 0.19131511 0.20345157 0.21249185 0.22010164 0.22771143 0.23684989 0.24781968 0.24982049 0.23566003 0.22549457 0.22676863 0.22804268 0.22886839 0.21510364 0.20133889 0.18757414 0.19216349 0.19829178 0.20057534 0.20244941 0.20432349 0.20551689 0.20646569 0.21781346 0.23411873 0.250424 0.25393981 0.24997407 0.23790829 0.22151189 0.20511548 0.20963657
0.25384687 0.2368809 0.21991493 0.20294896 0.18641754 0.17018141 0.15394528 0.13840316 0.12584271 0.11328226 0.1194571 0.1262757 0.13216828 0.13780637 0.14344447 0.14478174 0.14061562 0.14085461 0.15157058 0.16228656 0.17292368 0.17651927 0.18011486 0.18371044 0.19402752 0.20616398 0.21520426 0.22281405 0.23237597 0.24334576 0.25431555 0.25631636 0.2421559 0.22799544 0.21588475 0.21715881 0.21798452 0.20421977 0.19057793 0.19670622 0.20283451 0.2089628 0.21124635 0.21312042 0.21421687 0.21516568 0.21611448 0.22746225 0.24376752 0.24602058 0.24205485 0.23808911 0.22602333 0.20962693 0.21630045 0.23445725
0.25485536 0.23788939 0.22092342 0.20395745 0.18742603 0.1711899 0.15495377 0.13871764 0.12248151 0.10991754 0.11609238 0.12178601 0.1274241 0.1330622 0.13870029 0.14003756 0.14246833 0.15318431 0.16390028 0.17461626 0.18525338 0.18884897 0.19244456 0.19604014 0.19963573 0.20887639 0.21791667 0.22790206 0.23887184 0.24984163 0.26081141 0.26281223 0.24865177 0.23449131 0.22033085 0.20627494 0.20710065 0.19512066 0.20124895 0.20737723 0.21350552 0.21963381 0.22191736 0.22291685 0.22386566 0.22481446 0.22576327 0.23711104 0.23810135 0.23413562 0.23016989 0.22620416 0.21413837 0.22296432 0.24112113 0.25927793
0.2554885 0.23852253 0.22155656 0.20459059 0.1891739 0.17293777 0.15670164 0.14046551 0.12422938 0.10799325 0.11290469 0.11854279 0.12418088 0.12981897 0.13545707 0.14190589 0.15262187 0.16333784 0.17405381 0.18476979 0.19643799 0.20074448 0.20434007 0.20793565 0.21153124 0.21512683 0.22376626 0.23473605 0.24570584 0.25667562 0.26764541 0.26924163 0.25508117 0.24092071 0.22676025 0.21259979 0.19904419 0.20517248 0.21130076 0.21742905 0.22355734 0.22966885 0.23107965 0.23202845 0.23297726 0.23392606 0.23487487 0.23253802 0.22857228 0.22460655 0.22064082 0.21667509 0.22701044 0.24516724 0.26332405 0.28148086
0.25366174 0.23669577 0.2197298 0.19475978 0.1842016 0.17953136 0.16329523 0.1470591 0.13082297 0.11458684 0.11949828 0.12513638 0.13077447 0.13641257 0.1351822 0.13779745 0.14851342 0.15922939 0.16994537 0.18251343 0.19967714 0.20854296 0.21339003 0.21698562 0.22058121 0.22417679 0.23281623 0.24378602 0.2547558 0.26572559 0.27442221 0.27435918 0.26107494 0.24691449 0.23275403 0.21859357 0.20503797 0.21116625 0.21729454 0.22342283 0.22951119 0.23525985 0.23667065 0.23761946 0.23856826 0.23951707 0.24073255 0.2384488 0.23448307 0.23051733 0.2265516 0.22189694 0.23205731 0.25021411 0.26837092 0.28652772
0.25183498 0.2341725 0.20845518 0.18273786 0.17217969 0.17192279 0.16988882 0.15365269 0.13741656 0.12118044 0.12609187 0.13172997 0.13736806 0.13478913 0.13107376 0.133689 0.14440497 0.15512095 0.16849597 0.18575259 0.2029163 0.21178212 0.22064794 0.22603559 0.22963117 0.23322676 0.2418662 0.25283598 0.26380577 0.27211728 0.27933248 0.27926945 0.2660917 0.25290826 0.2387478 0.22458734 0.21103174 0.21716003 0.22328832 0.22935354 0.2351022 0.24085086 0.24226166 0.24321046 0.24415927 0.24539892 0.24664333 0.24435958 0.24039385 0.23642812 0.2317401 0.22694381 0.23710418 0.25526098 0.27341779 0.2845438
0.2478679 0.22215058 0.19643327 0.17071595 0.16015777 0.15990087 0.15964397 0.15938707 0.14401016 0.12777403 0.13268546 0.13811144 0.13439606 0.13068069 0.12696531 0.12958055 0.14029653 0.1544785 0.17173512 0.18899174 0.20615545 0.21502127 0.22388709 0.23275291 0.23868114 0.24227672 0.25091616 0.26188595 0.26981234 0.27702755 0.28424275 0.28417971 0.27100197 0.25782422 0.24464647 0.23058112 0.21702552 0.22315381 0.22919588 0.23494454 0.2406932 0.24644186 0.24785266 0.24882089 0.2500653 0.25130971 0.25255411 0.25027036 0.24630463 0.24158325 0.23678696 0.23199068 0.24215105 0.26030785 0.27109933 0.28092671
0.23584598 0.21012867 0.18441135 0.15869404 0.14813586 0.14787896 0.14762206 0.14736515 0.14710825 0.13436762 0.13771837 0.13400299 0.13028761 0.12657224 0.12285686 0.12547211 0.14046103 0.15771765 0.17497427 0.19223089 0.2093946 0.21826042 0.22712624 0.23599207 0.24485789 0.25132669 0.25996613 0.26750741 0.27472261 0.28193781 0.28915301 0.28908998 0.27591223 0.26273449 0.24955674 0.23637899 0.2230193 0.22903823 0.23478689 0.24053555 0.24628421 0.25203287 0.25348726 0.25473167 0.25597608 0.25722049 0.2584649 0.25618114 0.25142641 0.24663012 0.24183383 0.23703755 0.24719792 0.25765487 0.26748224 0.27730962
0.23341001 0.2076927 0.18197538 0.15625807 0.14224064 0.14198374 0.14172684 0.14146993 0.14121303 0.14095613 0.13445714 0.13074177 0.12702639 0.12331102 0.11959564 0.12508008 0.1423367 0.15959332 0.17684994 0.19410656 0.20947467 0.22042349 0.22928931 0.23815513 0.24702096 0.25588678 0.2636236 0.2708388 0.278054 0.2852692 0.2924844 0.29301627 0.27983852 0.26666077 0.25348303 0.24030528 0.22769178 0.23344044 0.2391891 0.24493776 0.25068642 0.25506735 0.25493921 0.25618362 0.25742803 0.25867244 0.25991685 0.25668042 0.25188414 0.24708785 0.24229156 0.23749527 0.24577919 0.25560656 0.26543393 0.27526131
0.25324829 0.22753098 0.20181366 0.17609635 0.15978454 0.15032473 0.15006783 0.14981092 0.14955402 0.14929712 0.13772628 0.12944919 0.12573381 0.12201844 0.11830306 0.1237875 0.14104412 0.15830074 0.17555736 0.19009201 0.20198025 0.21720208 0.22895195 0.23781777 0.2466836 0.25554942 0.26328624 0.27050144 0.27771664 0.28493184 0.2870585 0.28584986 0.28062055 0.26830065 0.2551229 0.24194515 0.22933165 0.23508031 0.24082897 0.24657763 0.25046126 0.25025701 0.24800936 0.24727487 0.24851928 0.24976369 0.25100809 0.24733511 0.24167837 0.23688208 0.23208579 0.2272895 0.23926215 0.25720352 0.2670309 0.27685827
0.26521414 0.24736926 0.22165194 0.19593463 0.17962282 0.16970245 0.15978208 0.15815191 0.15789501 0.15763811 0.14606727 0.13410766 0.12444124 0.12072586 0.11701048 0.12249492 0.13975154 0.15700816 0.17074667 0.18259759 0.19448583 0.20970766 0.22492949 0.23748041 0.24634624 0.25521206 0.26294888 0.27016408 0.27737928 0.2787255 0.27974819 0.27853955 0.27331024 0.26808093 0.25676277 0.24358503 0.23097153 0.23672019 0.24246885 0.24585517 0.24565092 0.24544667 0.24319902 0.24073373 0.23961052 0.24085493 0.24209934 0.23842636 0.23240911 0.22667631 0.22188002 0.21708374 0.22905638 0.24999437 0.26862786 0.27845524
0.26681173 0.25642571 0.24149022 0.21577291 0.1994611 0.18954073 0.17962036 0.16969999 0.166236 0.1659791 0.15440826 0.14244865 0.13048905 0.11943328 0.11571791 0.12120234 0.13845896 0.15140134 0.16325225 0.17510317 0.18699141 0.20221324 0.21743507 0.23265689 0.24600888 0.2548747 0.26261152 0.26936979 0.27039249 0.27141519 0.27243788 0.27122924 0.26599993 0.26077062 0.25554131 0.2452249 0.2326114 0.23836006 0.24124909 0.24104484 0.24084059 0.24063634 0.23838868 0.2359234 0.23345811 0.23194618 0.23319059 0.22951761 0.22350036 0.21748311 0.21167425 0.20687797 0.21885061 0.2397886 0.26072659 0.2800522
0.26840933 0.2580233 0.24763728 0.23561119 0.21929938 0.20937901 0.19945864 0.18953827 0.1796179 0.17432009 0.16274925 0.15078964 0.13883004 0.12687043 0.11491083 0.11990976 0.13205601 0.14390692 0.15575784 0.16760875 0.17949699 0.19471882 0.20994065 0.22516248 0.2403843 0.25453734 0.26103678 0.26205948 0.26308218 0.26410488 0.26512758 0.26391893 0.25868962 0.25346031 0.248231 0.24300169 0.23425127 0.236643 0.23643875 0.2362345 0.23603025 0.235826 0.23357834 0.23111306 0.22864777 0.22618249 0.22428184 0.22060886 0.21459161 0.20857436 0.20255711 0.1966722 0.20864484 0.22958283 0.25052082 0.27145881
0.25538122 0.24499519 0.23460916 0.22419047 0.21924796 0.21005271 0.20013234 0.19021197 0.1802916 0.17037122 0.15847936 0.14651976 0.13456015 0.12260055 0.11212432 0.11855843 0.13040934 0.14226026 0.15411117 0.16596209 0.16981427 0.1738507 0.18907253 0.20429436 0.21951618 0.23473801 0.24024783 0.24127053 0.24229322 0.24331592 0.24433862 0.26251906 0.2592707 0.25404139 0.24881208 0.24358277 0.23850327 0.23829902 0.23809477 0.23789051 0.23768626 0.23480024 0.23205751 0.22959223 0.22712694 0.22466166 0.22345511 0.21990851 0.21389126 0.20787401 0.20185676 0.19796203 0.21238486 0.23332285 0.25426084 0.27519883
0.23132065 0.22093463 0.21049328 0.19998786 0.19504535 0.19388308 0.18634983 0.17642946 0.16650909 0.15658872 0.14469686 0.13273725 0.12077765 0.1126878 0.11488873 0.12132283 0.13317375 0.14502466 0.15687558 0.15898852 0.15882534 0.15631478 0.15811638 0.17333821 0.18856004 0.20378186 0.20929168 0.21031438 0.21133708 0.21564708 0.24301194 0.261225 0.26294733 0.2605751 0.25534578 0.25011647 0.24503697 0.24483272 0.24462847 0.24442422 0.24110851 0.23576075 0.23301801 0.23055273 0.22808744 0.22731064 0.22894651 0.2253999 0.21938266 0.21336541 0.20998484 0.21222161 0.22664444 0.24758243 0.26852042 0.28777229
0.20726009 0.19679608 0.18629067 0.17578525 0.17084274 0.16968047 0.1685182 0.16264696 0.15272659 0.14280622 0.13091436 0.11895475 0.11325127 0.1154522 0.11765314 0.12408724 0.13593815 0.14778907 0.14813649 0.1479996 0.14783642 0.14532585 0.14281529 0.14238206 0.15760389 0.17282572 0.17833553 0.17935823 0.18698816 0.21435302 0.24171788 0.25993094 0.26165327 0.2633756 0.26187949 0.25665018 0.25157068 0.25136643 0.25116217 0.24741678 0.24206902 0.23672125 0.23397852 0.23151323 0.23116617 0.23280204 0.23443791 0.2308913 0.22487405 0.22200766 0.22424442 0.22648119 0.24090402 0.26184201 0.28073649 0.29593721
0.18309889 0.17259347 0.16208806 0.15158264 0.14664013 0.14547786 0.14431559 0.14315331 0.13894409 0.12902372 0.11713185 0.11381474 0.11601568 0.11821661 0.12041754 0.12685165 0.13742135 0.13728446 0.13714756 0.13701067 0.13684749 0.13433693 0.13182636 0.1293158 0.12680523 0.14186957 0.14737938 0.15832924 0.1856941 0.21305896 0.24042383 0.25863688 0.26035921 0.26208154 0.26380387 0.26318388 0.25810438 0.25790013 0.25372505 0.24837729 0.24302952 0.23768175 0.23493902 0.2350217 0.23665757 0.23829344 0.23992931 0.2363827 0.23403047 0.23626724 0.23850401 0.24074078 0.25516361 0.27370069 0.2889014 0.30410212
0.15889628 0.14839086 0.13788545 0.12738003 0.12243752 0.12127525 0.12011298 0.1189507 0.11778843 0.11524121 0.11437822 0.11657915 0.11878008 0.12098102 0.12318195 0.12656931 0.12643242 0.12629553 0.12615864 0.12602174 0.12585857 0.123348 0.12083743 0.11832687 0.1158163 0.11330574 0.12967032 0.15703518 0.18440004 0.21176491 0.23912977 0.25734282 0.25906515 0.26078748 0.26250981 0.26423214 0.26463809 0.26003332 0.25468556 0.24933779 0.24399002 0.23864225 0.23887722 0.24051309 0.24214896 0.24378484 0.24542071 0.24605329 0.24829006 0.25052682 0.25276359 0.25500036 0.26666489 0.2818656 0.29706632 0.31226703
