mean_models/J1_mean_vp_slide_diff2_0.dat.tif
NCOLS 118
NROWS 92
XLLCORNER 139.62
YLLCORNER -39.07
DX 0.099491525
DY 0.099347826
NODATA_VALUE -9999
[rows 0 to 24 of 92, columns 0 to 55 of 118]
-9999 -9999 -9999 -9999 -9999 -9999 -9999 -9999 -9999 -9999 -9999 -9999 -9999 -9999 -9999 -9999 -9999 -9999 -9999 -9999 -9999 -9999 -9999 -9999 -9999 -9999 -9999 -9999 -9999 -9999 -9999 -9999 -9999 -9999 -9999 -9999 -9999 -9999 -9999 -9999 -9999 -9999 -9999 -9999 -9999 -9999 -9999 -9999 -9999 -9999 -9999 -9999 -9999 -9999 -9999 -9999
-9999 -0.075463735 -0.084760484 -0.094057233 -0.10335398 -0.11265073 -0.12166543 -0.13097955 -0.14439059 -0.16004828 -0.17570596 -0.19136364 -0.20702133 -0.21989417 -0.22325047 -0.22208974 -0.220929 -0.21976827 -0.21860753 -0.21594256 -0.20980725 -0.20367194 -0.19753663 -0.19140132 -0.18586485 -0.18169561 -0.16954486 -0.15504271 -0.14054055 -0.1260384 -0.11153624 -0.096918892 -0.082079478 -0.067240064 -0.05240065 -0.037561236 -0.024236257 -0.01196046 0.0053417503 0.023010073 0.040678396 0.058346718 0.076015041 0.095285343 0.11359053 0.13121973 0.14884893 0.16647813 0.18410733 0.19195779 0.20368358 0.21540937 0.22713516 0.23886094 0.24497489 0.23327084
-9999 -0.055801144 -0.065097894 -0.074394643 -0.083691392 -0.092486722 -0.10096797 -0.11028208 -0.12055744 -0.13252065 -0.14817833 -0.16383602 -0.1794937 -0.19236654 -0.19966259 -0.20511782 -0.20395708 -0.20279635 -0.20163561 -0.19897064 -0.19283533 -0.18670002 -0.18056471 -0.17609829 -0.17427427 -0.17010503 -0.15964999 -0.14841952 -0.13391736 -0.11941521 -0.10491306 -0.090295704 -0.07545629 -0.060616876 -0.045777462 -0.033756211 -0.024650207 -0.012374409 0.0044362281 0.02156125 0.039229573 0.056897896 0.074566218 0.09383652 0.11425847 0.1330825 0.1507117 0.1683409 0.1859701 0.19356687 0.19942976 0.21044198 0.22216776 0.23389355 0.2400075 0.22668275
-9999 -0.036138554 -0.045435303 -0.054732052 -0.063308014 -0.071789259 -0.080270503 -0.089584618 -0.099859973 -0.11013533 -0.12065071 -0.13630839 -0.15196607 -0.16483892 -0.17213496 -0.17943101 -0.18672705 -0.18582443 -0.18466369 -0.18199872 -0.17586341 -0.1697281 -0.16633172 -0.16450771 -0.16268369 -0.15851445 -0.14805941 -0.13760437 -0.12714933 -0.11279202 -0.098289867 -0.083672515 -0.068833102 -0.053993688 -0.043276164 -0.03417016 -0.025064156 -0.012788358 0.0040222788 0.020832916 0.037780751 0.055449073 0.073117396 0.092387698 0.11280964 0.13323159 0.15257447 0.17020367 0.18783287 0.19542964 0.20129254 0.20715543 0.21720037 0.22892616 0.23504011 0.22171535
-9999 -0.016475963 -0.025648061 -0.034129305 -0.04261055 -0.051091795 -0.05957304 -0.068887155 -0.079162509 -0.089437863 -0.099713218 -0.10998857 -0.12443845 -0.13731129 -0.14460733 -0.15190338 -0.15919943 -0.16649547 -0.16769177 -0.1650268 -0.15889149 -0.15656515 -0.15474114 -0.15291713 -0.15109311 -0.14692387 -0.13646883 -0.12601379 -0.11555875 -0.10510371 -0.091666678 -0.077049327 -0.062209913 -0.052796117 -0.043690113 -0.034584109 -0.025478105 -0.013202307 0.0036083296 0.020418967 0.037229604 0.054040241 0.071668573 0.090938875 0.11136082 0.13178276 0.15220471 0.17206644 0.18969564 0.19729241 0.20315531 0.2090182 0.21488109 0.22395877 0.23007272 0.21674796
-9999 0.003530648 -0.0049505968 -0.013431842 -0.021913086 -0.030394331 -0.038875576 -0.048189691 -0.058465045 -0.068740399 -0.079015754 -0.089291108 -0.099566462 -0.10978366 -0.11707971 -0.12437575 -0.1316718 -0.13896784 -0.14626389 -0.14862259 -0.14679858 -0.14497457 -0.14315056 -0.14132655 -0.13950253 -0.13533329 -0.12487825 -0.11442321 -0.10396817 -0.093513128 -0.083058086 -0.071422075 -0.062316071 -0.053210067 -0.044104062 -0.034998058 -0.025892054 -0.013616257 0.0031943803 0.020005017 0.036815654 0.053626291 0.070436929 0.089490053 0.109912 0.13033394 0.15075589 0.17117783 0.19155842 0.19915519 0.20501808 0.21088097 0.21674387 0.22260676 0.22510533 0.21178057
-9999 0.022418618 0.013937373 0.0054561287 -0.0030251161 -0.011506361 -0.018085915 -0.025652322 -0.035927676 -0.046203031 -0.056478385 -0.066753739 -0.07783968 -0.088264134 -0.095432935 -0.10272898 -0.11002503 -0.11732107 -0.12461712 -0.12915539 -0.12733138 -0.12550737 -0.12368336 -0.12185935 -0.12262704 -0.12591248 -0.12256323 -0.11210819 -0.10165314 -0.091198103 -0.080743062 -0.070748807 -0.061642803 -0.052536799 -0.043430795 -0.034324791 -0.025634871 -0.013855339 0.002955298 0.019765935 0.036576572 0.053387209 0.067318911 0.084872953 0.10569952 0.12612146 0.14654341 0.16696535 0.18738729 0.1953956 0.2012585 0.20712139 0.21298428 0.21849032 0.21895188 0.20562713
-9999 0.041019913 0.032538669 0.024057424 0.015576179 0.009962175 0.0047429475 -0.0028234598 -0.013098814 -0.023374168 -0.033649523 -0.045266516 -0.05733598 -0.067760434 -0.07489066 -0.082020885 -0.089309947 -0.096605992 -0.10390204 -0.10844031 -0.1066163 -0.10479229 -0.10296828 -0.10564946 -0.11078985 -0.11407529 -0.112389 -0.1107027 -0.10080763 -0.09035259 -0.079897548 -0.069903294 -0.06079729 -0.051691286 -0.042585282 -0.034109105 -0.02584625 -0.014066717 0.0027439197 0.019554557 0.036365194 0.049261024 0.061611696 0.079165737 0.10046041 0.12147114 0.14189308 0.16231503 0.18273697 0.19074528 0.19660817 0.20247107 0.20770739 0.21214897 0.21261053 0.19928578
-9999 0.059621208 0.051139964 0.043229492 0.038010265 0.032791037 0.02757181 0.020005402 0.009730048 -0.00062388847 -0.012693352 -0.024762816 -0.03683228 -0.047256733 -0.054386959 -0.061517185 -0.068647411 -0.075890913 -0.083186959 -0.087725235 -0.085901224 -0.084077213 -0.088671873 -0.093812269 -0.098952664 -0.10223811 -0.10055181 -0.098865512 -0.097179215 -0.089507076 -0.079052035 -0.06905778 -0.059951776 -0.050846194 -0.042583339 -0.034320483 -0.026057628 -0.014278096 0.0025325413 0.018852464 0.031203136 0.043553808 0.05590448 0.073458522 0.094753199 0.11604788 0.13724276 0.1576647 0.17808665 0.18609495 0.19195785 0.19692445 0.20136603 0.20580762 0.20626918 0.19294442
-9999 0.078222504 0.071277582 0.066058355 0.060839127 0.055619899 0.050400672 0.042834264 0.031949276 0.019879812 0.0078103481 -0.0042591157 -0.016328579 -0.026753033 -0.033883259 -0.041013485 -0.048143711 -0.055273937 -0.06247188 -0.067010157 -0.066553894 -0.07169429 -0.076834685 -0.081975081 -0.087115476 -0.090400919 -0.088714622 -0.087028325 -0.085342027 -0.08365573 -0.078206521 -0.068212267 -0.059320428 -0.051057573 -0.042794717 -0.034531862 -0.026269006 -0.014489474 0.00079457629 0.013145248 0.025495921 0.037846593 0.050197265 0.067751306 0.089045984 0.11034066 0.13163534 0.15293002 0.17343632 0.18144463 0.18614151 0.1905831 0.19502468 0.19946627 0.19992783 0.18799989
-9999 0.097591287 0.09237206 0.087152832 0.081933604 0.076714377 0.071495149 0.062027258 0.049957794 0.03788833 0.025818866 0.013749403 0.0016799389 -0.0079499041 -0.01508013 -0.022210356 -0.029340582 -0.036470808 -0.043601034 -0.050129565 -0.055269961 -0.060410356 -0.065550752 -0.070691147 -0.075831543 -0.079719793 -0.078033496 -0.076347199 -0.074660902 -0.072974605 -0.071288308 -0.067355673 -0.059092818 -0.050829962 -0.042567107 -0.034304251 -0.026041396 -0.016946167 -0.0045954946 0.0077551775 0.02010585 0.032456522 0.044807194 0.060032205 0.081326882 0.10262156 0.12391624 0.14521091 0.16650559 0.17343064 0.17787223 0.18231381 0.1867554 0.19119698 0.19507138 0.18903082
-9999 0.1073191 0.10209987 0.09688064 0.091661412 0.086442185 0.075490362 0.063683055 0.051613591 0.039544127 0.027474664 0.0154052 0.00685239 -0.00047099153 -0.0074353983 -0.014552294 -0.02168252 -0.028812746 -0.035942972 -0.042471504 -0.047611899 -0.052752294 -0.05789269 -0.063033085 -0.067378195 -0.071147083 -0.074351048 -0.073242579 -0.071556282 -0.069869985 -0.068183688 -0.064251054 -0.055988198 -0.047725343 -0.039462487 -0.031199632 -0.027125556 -0.020257761 -0.0079070888 0.0044435833 0.016794255 0.029144928 0.037429766 0.047097492 0.060422443 0.081717121 0.1030118 0.12430648 0.14560115 0.1525262 0.15696779 0.16140937 0.16585096 0.17656581 0.18762029 0.18157973
-9999 0.1170469 0.11182768 0.10660845 0.10030648 0.088726321 0.077146159 0.065338852 0.053269388 0.041199924 0.029308756 0.021806117 0.014303477 0.0069800954 1.5688651e-05 -0.0069487181 -0.014024459 -0.021154685 -0.028284911 -0.034813442 -0.039953837 -0.045094233 -0.050234628 -0.05429165 -0.058271311 -0.062040199 -0.065244163 -0.068448128 -0.068451663 -0.066765366 -0.065079069 -0.061146434 -0.052883579 -0.044620723 -0.036507819 -0.033472484 -0.03043715 -0.023569355 -0.011218683 0.0011319891 0.012819318 0.020881562 0.028943806 0.038611532 0.049433417 0.060812682 0.08210736 0.10340204 0.12469671 0.13162176 0.13606335 0.14050493 0.15312502 0.16911473 0.1801692 0.17412865
-9999 0.12677471 0.12155548 0.11354244 0.10196228 0.090382118 0.078801957 0.066994649 0.054925185 0.044262483 0.036759843 0.029257204 0.021754564 0.014431182 0.0074667756 0.00050236883 -0.006462038 -0.013496623 -0.020626849 -0.02715538 -0.032295776 -0.037225444 -0.041205105 -0.045184766 -0.049164427 -0.052933315 -0.056137279 -0.059341244 -0.062545208 -0.063660746 -0.061974449 -0.058041815 -0.049778959 -0.042854748 -0.039819413 -0.036784079 -0.033748744 -0.026880949 -0.014530277 -0.0037288868 0.0043333575 0.012395602 0.020457846 0.030125571 0.040947457 0.051769342 0.062591227 0.082497599 0.10379228 0.11071732 0.11515891 0.12968422 0.14567393 0.16166364 0.17271812 0.16667756
-9999 0.13650252 0.1267784 0.11519824 0.10361808 0.092037915 0.080457754 0.068650446 0.059216209 0.05171357 0.04421093 0.03670829 0.029205651 0.021882269 0.014917863 0.0079534558 0.00098904901 -0.0059753578 -0.012968788 -0.019497319 -0.024138899 -0.02811856 -0.032098221 -0.036077882 -0.040057543 -0.043826431 -0.047030395 -0.05023436 -0.053438324 -0.056642289 -0.058869829 -0.054937195 -0.049201677 -0.046166342 -0.043131008 -0.040095673 -0.037060338 -0.030192544 -0.020277091 -0.012214847 -0.0041526026 0.0039096417 0.011971886 0.021639611 0.032461497 0.043283382 0.054105267 0.064927152 0.082887838 0.090253714 0.10624342 0.12223313 0.13822284 0.15421255 0.16526703 0.15929924
-9999 0.13716302 0.12558286 0.1140027 0.10242254 0.090842378 0.079262217 0.074599226 0.067096586 0.059593947 0.052091307 0.044588667 0.037086028 0.030204454 0.023307028 0.016342621 0.0093782141 0.0024138074 -0.0045505994 -0.010612464 -0.014592125 -0.018571786 -0.022551447 -0.026531108 -0.030510769 -0.037591547 -0.040599949 -0.043803913 -0.047007878 -0.050211842 -0.053415807 -0.05448863 -0.051453296 -0.048417961 -0.045382626 -0.042347292 -0.039311957 -0.040568334 -0.032506089 -0.024443845 -0.016381601 -0.0083193563 -0.00025711203 0.011509364 0.02233125 0.033153135 0.04397502 0.054796905 0.065618791 0.082500534 0.098490243 0.11447995 0.13046966 0.14645937 0.16006107 0.15569746
-9999 0.12934202 0.11776186 0.1061817 0.09460154 0.084539798 0.08307189 0.080089673 0.075359748 0.068471838 0.060969198 0.053466558 0.045963919 0.039082345 0.033444492 0.026911539 0.019947132 0.012982725 0.0060183182 -4.3546167e-05 -0.0040232072 -0.0080028682 -0.011982529 -0.01596219 -0.029194701 -0.03970533 -0.041054368 -0.043592535 -0.046796499 -0.050000464 -0.053204428 -0.054277252 -0.051241917 -0.048206583 -0.045171248 -0.042299077 -0.043142226 -0.045755674 -0.050901788 -0.045370302 -0.037308058 -0.029245813 -0.021183569 -0.0081648178 0.0083802784 0.019202164 0.030024049 0.040845934 0.051667819 0.07083456 0.090035109 0.10602482 0.12201453 0.13800424 0.15160593 0.15693584
-9999 0.12152102 0.10994086 0.098360702 0.091292165 0.089824257 0.088356349 0.085374132 0.080644207 0.075914282 0.069847089 0.062344449 0.054841809 0.047960236 0.042322383 0.03668453 0.030516049 0.023551643 0.016587236 0.010525372 0.0065457105 0.0025660495 -0.0034508574 -0.017379671 -0.031308484 -0.041819114 -0.043168151 -0.044517189 -0.046585121 -0.049789085 -0.05299305 -0.054065874 -0.051030539 -0.047995204 -0.046106253 -0.046949401 -0.04779255 -0.050405998 -0.055552111 -0.060698225 -0.058234515 -0.05017227 -0.042110026 -0.029091275 -0.012509354 0.004072567 0.016073077 0.026894963 0.037716848 0.056883589 0.077492548 0.097569684 0.11355939 0.1295491 0.1431508 0.1484807
-9999 0.11370003 0.10211986 0.098044531 0.096576623 0.095108716 0.093640808 0.090658591 0.085928666 0.081198741 0.076468816 0.07122234 0.0637197 0.056838127 0.051200274 0.045562421 0.039924567 0.03412056 0.027156154 0.021094289 0.017114628 0.0083641727 -0.0055646409 -0.019493454 -0.033422268 -0.043932897 -0.045281935 -0.046630972 -0.04798001 -0.049577707 -0.052781671 -0.053854495 -0.050819161 -0.049913428 -0.050756576 -0.051599725 -0.052442873 -0.055056322 -0.060202435 -0.065348548 -0.070494662 -0.071098727 -0.063036483 -0.050017732 -0.033435811 -0.01685389 -0.00027196905 0.012943991 0.023765877 0.042932618 0.063541576 0.084150535 0.10475949 0.12109397 0.13469566 0.14002557
-9999 0.10626481 0.1047969 0.10332899 0.10186108 0.10039317 0.098925267 0.09594305 0.091213125 0.0864832 0.081753275 0.07702335 0.072293425 0.065716018 0.060078164 0.054440311 0.048802458 0.043164605 0.037526752 0.031663207 0.020179203 0.0062503891 -0.0076784244 -0.021607238 -0.035536052 -0.046046681 -0.047395718 -0.048744756 -0.050093794 -0.051442831 -0.052791869 -0.053643117 -0.053720603 -0.054563752 -0.0554069 -0.056250049 -0.057093197 -0.059706645 -0.064852759 -0.069998872 -0.075144986 -0.080291099 -0.08396294 -0.070944189 -0.054362268 -0.037780347 -0.021198426 -0.0046165051 0.0098149053 0.028981646 0.049590605 0.070199564 0.090808523 0.11141748 0.12624053 0.13157043
-9999 0.10444034 0.10297243 0.10150452 0.10003661 0.098568706 0.096405596 0.091588285 0.08685836 0.082128435 0.07739851 0.072668585 0.067716169 0.063267883 0.060762716 0.055124863 0.04948701 0.043849156 0.038211303 0.030066388 0.016137575 0.002208761 -0.011720053 -0.025648866 -0.03957768 -0.041872909 -0.042400575 -0.043749613 -0.04509865 -0.046447688 -0.047796725 -0.048972968 -0.049816116 -0.050659265 -0.051502413 -0.052345562 -0.054165622 -0.061344712 -0.066490825 -0.071636939 -0.076783052 -0.081929166 -0.086051558 -0.082026106 -0.066372444 -0.049790523 -0.033208602 -0.016626681 -4.4759994e-05 0.019970777 0.040579736 0.061188694 0.081797653 0.10240661 0.11501412 0.12034402
-9999 0.097253473 0.095785566 0.094317658 0.09284975 0.089672812 0.084779786 0.079962476 0.075232551 0.070502626 0.065772701 0.059903012 0.052074171 0.047625884 0.049947353 0.049629026 0.043991172 0.038353319 0.032715466 0.024570551 0.010641737 -0.0032870762 -0.01721589 -0.028246353 -0.031562737 -0.033840531 -0.033334642 -0.033392073 -0.034741111 -0.036090148 -0.037439186 -0.038615429 -0.039458577 -0.040301726 -0.041144874 -0.044931372 -0.053531487 -0.060710577 -0.06585669 -0.071002804 -0.076148917 -0.079434644 -0.080978478 -0.076953026 -0.068923885 -0.055074982 -0.038493061 -0.02191114 -0.0053292188 0.014686318 0.035295277 0.055904236 0.075892198 0.089749946 0.10169728 0.10702719
-9999 0.090066609 0.088598702 0.087130794 0.082940029 0.078047003 0.073153977 0.068336667 0.063606742 0.058876817 0.052089856 0.044261014 0.036432173 0.031983886 0.034305355 0.036626824 0.038495335 0.032857482 0.027219629 0.019074714 0.0051459002 -0.0087829134 -0.016897592 -0.020213976 -0.02353036 -0.025808154 -0.025302265 -0.024796376 -0.024383572 -0.025732609 -0.027081647 -0.028257889 -0.029101038 -0.029944186 -0.035697122 -0.044297237 -0.052897352 -0.060076442 -0.065222555 -0.070368669 -0.072817729 -0.074361563 -0.075905397 -0.071879945 -0.063850805 -0.055821664 -0.043777519 -0.027195599 -0.010613678 0.0094018591 0.030010818 0.048717614 0.062575362 0.07643311 0.088380447 0.09371035
-9999 0.082879745 0.081100271 0.076207245 0.071314219 0.066421193 0.061528167 0.056710857 0.051980932 0.044276699 0.036447857 0.028619016 0.020790175 0.016341888 0.018663357 0.020984826 0.023306295 0.025627764 0.021723792 0.013578877 -0.00034993699 -0.00554883 -0.0088652142 -0.012181598 -0.015497983 -0.017775776 -0.017269887 -0.016763998 -0.016258109 -0.01575222 -0.016724107 -0.01790035 -0.018743498 -0.026462872 -0.035062987 -0.043663102 -0.052263216 -0.059442307 -0.06458842 -0.066200815 -0.067744649 -0.069288483 -0.070832317 -0.066806865 -0.058777724 -0.050748583 -0.042719443 -0.032480057 -0.015898136 0.0041174002 0.021543029 0.035400777 0.049258526 0.063116274 0.07506361 0.080393514
-9999 0.074367487 0.069474461 0.064581436 0.05968841 0.054795384 0.049902358 0.044292383 0.036463542 0.028634701 0.020805859 0.012977018 0.0051481766 0.00069989002 0.0030213589 0.0053428279 0.0076642968 0.0099857657 0.012307235 0.0091163158 0.0057999316 0.0024835474 -0.00083283679 -0.004149221 -0.0074656052 -0.0097433989 -0.0092375098 -0.0087316207 -0.0082257316 -0.0077198424 -0.0072139533 -0.0086285069 -0.017228622 -0.025828737 -0.034428852 -0.043028966 -0.051629081 -0.058040066 -0.0595839 -0.061127734 -0.062671568 -0.064215402 -0.065759236 -0.061733784 -0.053704644 -0.045675503 -0.037646362 -0.029617222 -0.021182595 -0.0056315552 0.008226193 0.022083941 0.035941689 0.049799438 0.06176999 0.067810547
