mean_models/J1_mean_vp_slide_diff_200.dat.tif
NCOLS 118
NROWS 92
XLLCORNER 139.62
YLLCORNER -39.07
DX 0.099491525
DY 0.099347826
NODATA_VALUE -9999
[rows 54 to 80 of 92, columns 0 to 59 of 118]
-9999 8.180512 8.1805412 8.1805704 8.1805996 8.1898112 8.1997912 8.2059381 8.2076613 8.2093845 8.2111076 8.2019395 8.1899041 8.1840604 8.1906159 8.1971714 8.1958453 8.1937852 8.191725 8.1909675 8.193215 8.1954625 8.19771 8.2011704 8.2051757 8.2086035 8.2104832 8.212363 8.2147082 8.2171089 8.2195095 8.2178837 8.2084962 8.1991088 8.1897213 8.1825157 8.1758922 8.1716498 8.1708137 8.1699777 8.1691416 8.1713213 8.1737654 8.1740408 8.1727572 8.1740418 8.1817877 8.1895335 8.1972794 8.1930765 8.1868085 8.1805406 8.1786094 8.1813566 8.1836653 8.184455 8.1852447 8.1860344 8.1838084 8.1810603
-9999 8.1678586 8.1678878 8.1703743 8.1803543 8.1903343 8.2003143 8.2064612 8.2081844 8.2083146 8.1962793 8.1842439 8.1722085 8.1663648 8.1729203 8.1794758 8.1860313 8.1873111 8.185251 8.1844934 8.186741 8.1889885 8.1929805 8.1969859 8.2009913 8.204419 8.2062988 8.2081785 8.2100582 8.2122572 8.2146578 8.213032 8.2036446 8.1944509 8.1878275 8.1812041 8.1745806 8.1703382 8.1695021 8.1692514 8.1716955 8.1741396 8.1765836 8.176859 8.1755754 8.1742918 8.1734334 8.1811792 8.1889251 8.1847222 8.1784542 8.178467 8.1812142 8.1839614 8.1862701 8.1870599 8.1876088 8.1848607 8.1821126 8.1793645
-9999 8.1552051 8.1609174 8.1708974 8.1808774 8.1908574 8.2008374 8.2069843 8.2026544 8.1906191 8.1785837 8.1665483 8.1545129 8.1486692 8.1552247 8.1617802 8.1683357 8.1748912 8.178777 8.1780194 8.1807853 8.1847907 8.188796 8.1928014 8.1968068 8.2002346 8.2021143 8.203994 8.2058737 8.2077534 8.2098062 8.2081804 8.1997628 8.1931393 8.1865159 8.1798925 8.173269 8.1690266 8.1696256 8.1720697 8.1745137 8.1769578 8.1794019 8.1796773 8.1783936 8.17711 8.1758264 8.1745428 8.1805708 8.1763679 8.1783247 8.1810719 8.1838191 8.1865663 8.188875 8.188661 8.1859129 8.1831648 8.1804167 8.1776686
-9999 8.1532296 8.1632096 8.1731896 8.1831696 8.1931495 8.2031295 8.204602 8.1925667 8.1805313 8.1684959 8.1564605 8.1444252 8.13622 8.1427755 8.1493309 8.1558864 8.1624419 8.1689974 8.1747818 8.1787872 8.1827925 8.1867979 8.1908033 8.1948086 8.1966457 8.1985956 8.2004753 8.2023551 8.2042348 8.2061145 8.2050898 8.1984664 8.1918429 8.1852195 8.1785961 8.1719726 8.1677119 8.1701559 8.1726 8.1750441 8.1774881 8.1799322 8.1830196 8.181736 8.1804524 8.1791688 8.1778852 8.1766016 8.175986 8.1787332 8.1814804 8.1842276 8.1869748 8.1884286 8.1856645 8.1829164 8.1801683 8.1774202 8.1746721
-9999 8.161564 8.171544 8.181524 8.191504 8.2010416 8.2074653 8.2095642 8.2066716 8.1964276 8.1843922 8.1723568 8.1603215 8.1518694 8.1505933 8.1548002 8.1613557 8.1679111 8.1744666 8.180251 8.1842564 8.1882617 8.1922671 8.1962725 8.1931948 8.1916906 8.1964045 8.1992308 8.2011106 8.2029903 8.20487 8.2038453 8.1972219 8.1905984 8.183975 8.1775446 8.182187 8.1792796 8.165571 8.165316 8.1677601 8.1702042 8.1726482 8.1786347 8.1868685 8.1855849 8.1843013 8.1830177 8.1817341 8.1754988 8.1716402 8.1743874 8.1771346 8.1798818 8.1813356 8.1783089 8.1754772 8.1727291 8.169981 8.1672329
-9999 8.1698984 8.1798784 8.1898584 8.1981386 8.2045623 8.210986 8.2130849 8.2101923 8.2072997 8.2002885 8.1882532 8.1762178 8.1677658 8.1664896 8.1652135 8.1668249 8.1733804 8.1799359 8.1857202 8.1897256 8.193731 8.195888 8.1920639 8.1882398 8.1867356 8.1914495 8.1961634 8.1998661 8.2017458 8.2036255 8.2026008 8.1959774 8.1893539 8.1864072 8.1910495 8.1956919 8.1927845 8.1790759 8.1653673 8.1604761 8.1629202 8.1653643 8.1713507 8.1798838 8.1884168 8.1894338 8.1881502 8.1868666 8.1806313 8.1735402 8.1672944 8.1700416 8.1727888 8.1742426 8.1712159 8.1681892 8.1652899 8.1625418 8.1597937
-9999 8.1782328 8.1882128 8.1952355 8.2016592 8.2080829 8.2145067 8.2166055 8.2137129 8.2108203 8.2079278 8.2041495 8.1921141 8.1836621 8.1823859 8.1811098 8.1798336 8.1788496 8.1854051 8.1911894 8.1951948 8.1947571 8.190933 8.1871089 8.1832847 8.1817806 8.1864944 8.1912083 8.1959222 8.2005013 8.202381 8.2013563 8.1947329 8.1952697 8.1999121 8.2045544 8.2091968 8.2062894 8.1925808 8.1788722 8.1651637 8.1556362 8.1580803 8.1640668 8.1725998 8.1811329 8.1896659 8.1932828 8.1919991 8.1857638 8.1786728 8.1715817 8.1644906 8.1656958 8.1671496 8.1641229 8.1610962 8.1580696 8.1551027 8.1523546
-9999 8.1859087 8.1923324 8.1987562 8.2051799 8.2116036 8.2180273 8.2201262 8.2172336 8.214341 8.2114484 8.2085558 8.2056632 8.1995584 8.1982822 8.1970061 8.19573 8.1944538 8.1931777 8.1966586 8.1936262 8.1898021 8.185978 8.1821538 8.1783297 8.1768255 8.1815394 8.1862533 8.1909672 8.195681 8.2003949 8.2001118 8.2041322 8.2087746 8.213417 8.2180593 8.2227017 8.2197943 8.2060857 8.1923771 8.1786686 8.16496 8.1512515 8.1567828 8.1653159 8.1738489 8.182382 8.190915 8.1971317 8.1908964 8.1838053 8.1767142 8.1696231 8.1625321 8.1600566 8.1570299 8.1540032 8.1509766 8.1479499 8.1449232
-9999 8.1899661 8.1963898 8.2028135 8.2092372 8.215661 8.2184336 8.2154108 8.2121854 8.2092928 8.2064002 8.2035076 8.200615 8.2015809 8.2062348 8.2049587 8.2036825 8.2024064 8.2011303 8.1990836 8.1952595 8.1914354 8.1876113 8.1837871 8.1805605 8.1801313 8.1822402 8.186954 8.1916679 8.1963818 8.2010957 8.2057851 8.2104275 8.2150699 8.2197122 8.2243546 8.2282706 8.2200213 8.201566 8.1878574 8.1741488 8.1604403 8.1467317 8.1495151 8.1598784 8.1684115 8.1769445 8.1854776 8.1940106 8.1914518 8.1843957 8.1773047 8.1702136 8.1631225 8.1583738 8.1594507 8.156424 8.1533973 8.1503707 8.147344
-9999 8.1942568 8.2006805 8.2071042 8.213528 8.2131333 8.2105995 8.2075767 8.2039895 8.2005184 8.1976258 8.1947332 8.1918406 8.1928065 8.2014993 8.2094569 8.2081808 8.2069046 8.2056285 8.2035819 8.1997578 8.1959336 8.1921095 8.1898748 8.1890437 8.1886145 8.1892626 8.1901142 8.194828 8.1995419 8.2042558 8.2089452 8.2135876 8.21823 8.2228724 8.2260949 8.2284945 8.2202451 8.1967608 8.1754996 8.1617911 8.1480825 8.134374 8.1371573 8.1517966 8.163777 8.1723101 8.1808431 8.1893762 8.1868173 8.1823414 8.17592 8.1688289 8.1617378 8.1569891 8.160354 8.1629819 8.1599552 8.1569285 8.1539018
-9999 8.1985475 8.2049712 8.2103667 8.2078329 8.2052992 8.2027654 8.1997426 8.1961553 8.1925681 8.1889808 8.1859588 8.1830662 8.1840321 8.1927249 8.2014176 8.2101103 8.2114029 8.2101267 8.2080801 8.204256 8.2004319 8.1991891 8.198358 8.1975269 8.1970977 8.1977458 8.1983938 8.1990419 8.2027021 8.2074159 8.2121054 8.2167478 8.2213901 8.2239192 8.2263188 8.2287184 8.220469 8.1969847 8.1735004 8.1500161 8.1357248 8.1220162 8.1247996 8.1394388 8.154078 8.1676756 8.1762087 8.1847417 8.1821828 8.177707 8.1732311 8.1674442 8.1603531 8.1556044 8.1589693 8.1623343 8.1656992 8.1634863 8.1604597
-9999 8.2028382 8.2050663 8.2025326 8.1999988 8.197465 8.1949313 8.1919084 8.1883212 8.184734 8.1811467 8.1775595 8.1742918 8.1752577 8.1839505 8.1926432 8.2013359 8.2100287 8.214625 8.2125784 8.2093345 8.2085034 8.2076723 8.2068412 8.2060101 8.2055809 8.206229 8.206877 8.2075251 8.2081731 8.2105761 8.2152655 8.2193438 8.2217434 8.224143 8.2265426 8.2289422 8.2206928 8.1972086 8.1737243 8.15024 8.1267557 8.1096584 8.1124418 8.127081 8.1417202 8.1563595 8.1709987 8.1801072 8.1775484 8.1730725 8.1685966 8.1641207 8.1589684 8.1542197 8.1575847 8.1609496 8.1643145 8.1676795 8.1670175
-9999 8.2021647 8.1996309 8.1970971 8.1945633 8.1920296 8.1894958 8.1845445 8.1809573 8.1773701 8.1737828 8.1701956 8.1666083 8.1677403 8.176433 8.1851258 8.1938185 8.2025112 8.211204 8.2170169 8.2161858 8.2153547 8.2145236 8.2136925 8.2128614 8.2124022 8.2130502 8.2136983 8.2143463 8.2149943 8.2156424 8.2168887 8.2192883 8.2216879 8.2240875 8.2264871 8.2288867 8.2204769 8.1969926 8.1735084 8.1500241 8.1265398 8.1030555 8.1010064 8.1156457 8.1302849 8.1449241 8.1595633 8.1742025 8.1725434 8.1680676 8.1635917 8.1591158 8.1546399 8.1534445 8.1568095 8.1601744 8.1635393 8.1669043 8.1702692
-9999 8.2086598 8.206126 8.2035922 8.2010585 8.1981467 8.1871022 8.1795195 8.1759323 8.1723451 8.1687578 8.1651706 8.1703564 8.1749538 8.1767036 8.1838603 8.192553 8.2012458 8.2099385 8.2157514 8.2149203 8.2140892 8.2132581 8.212427 8.2088474 8.2068771 8.2107718 8.2122531 8.2129011 8.2135492 8.2141972 8.2154435 8.2178431 8.2202427 8.2226423 8.2250419 8.2267537 8.2180736 8.1945893 8.171105 8.1476207 8.125453 8.1175968 8.1115321 8.1087982 8.1234374 8.1380766 8.1527158 8.167355 8.165696 8.1612201 8.1567442 8.1522683 8.1527353 8.1557008 8.1590658 8.1624307 8.1657956 8.1691831 8.1730366
-9999 8.2151549 8.2126212 8.2100874 8.2041663 8.1931217 8.1820772 8.1744945 8.1709073 8.16732 8.1662962 8.1723156 8.178335 8.1829323 8.1846821 8.1864318 8.1912876 8.1999803 8.208673 8.2144859 8.2136548 8.2128237 8.2114689 8.2073103 8.2031517 8.2011814 8.2050761 8.2089707 8.2114559 8.212104 8.212752 8.2139983 8.2163979 8.2187975 8.2210149 8.2226827 8.2243504 8.2156703 8.192186 8.1687017 8.1510196 8.1431634 8.1353072 8.1292425 8.1244659 8.1196893 8.1312291 8.1458683 8.1605075 8.1588485 8.1543726 8.1498967 8.1521413 8.1549916 8.1579571 8.1613221 8.164687 8.168193 8.1720465 8.1759
-9999 8.2216501 8.2191163 8.2101858 8.1991413 8.1880967 8.1770522 8.1694695 8.1658823 8.1682553 8.1742747 8.1802941 8.1863135 8.1909109 8.1926606 8.1944103 8.19616 8.1987148 8.2074076 8.2132204 8.2123894 8.2099317 8.2057732 8.2016146 8.197456 8.1954857 8.1993803 8.203275 8.2071697 8.2106588 8.2113069 8.2125532 8.2149528 8.2169438 8.2186116 8.2202793 8.2219471 8.2132669 8.1897826 8.1765863 8.16873 8.1608738 8.1530176 8.146953 8.1421763 8.1373997 8.132623 8.1390208 8.15366 8.152001 8.1486971 8.1515473 8.1543976 8.1572479 8.1602134 8.1635784 8.1672029 8.1710564 8.1749099 8.1787635
-9999 8.2272499 8.2162053 8.2051608 8.1941162 8.1830717 8.1720272 8.1644445 8.1702144 8.1762338 8.1822532 8.1882726 8.194292 8.1988894 8.2006391 8.2023888 8.2041385 8.2058883 8.207638 8.211955 8.2083946 8.204236 8.2000774 8.1959189 8.1917603 8.1897899 8.1936846 8.1975793 8.201474 8.2053686 8.2092633 8.211108 8.2128727 8.2145405 8.2162082 8.217876 8.2195437 8.2108636 8.2021529 8.1942967 8.1864404 8.1785842 8.170728 8.1646634 8.1598867 8.1551101 8.1503334 8.1455568 8.1468126 8.1481031 8.1509534 8.1538036 8.1566539 8.1595042 8.1624697 8.1662128 8.1700663 8.1739199 8.1777734 8.1816269
-9999 8.220435 8.2093904 8.1983459 8.1873014 8.1762568 8.167622 8.1654086 8.1688943 8.1749137 8.1809331 8.1869525 8.1929719 8.1972511 8.1984893 8.200239 8.2019887 8.2037385 8.2054882 8.2054513 8.2012928 8.1971342 8.1929756 8.188817 8.1858719 8.1872523 8.1848257 8.1887204 8.192615 8.1965097 8.2004044 8.2035384 8.2052062 8.2068739 8.2085416 8.2102094 8.2114838 8.2103082 8.2044784 8.1966222 8.188766 8.1809097 8.1730535 8.1703914 8.167038 8.1622613 8.1574847 8.1527081 8.1479314 8.1495371 8.1523873 8.1552376 8.1580879 8.1609381 8.1628883 8.1637964 8.16765 8.1715035 8.175357 8.1792105
-9999 8.2126039 8.2015593 8.1905148 8.1794703 8.1735028 8.1693979 8.1671844 8.1671539 8.1683143 8.1743337 8.1803531 8.1863725 8.1906517 8.1914462 8.1923388 8.1940886 8.1958383 8.197588 8.1975511 8.1933926 8.189234 8.1850754 8.185259 8.1897512 8.1911316 8.1841715 8.1780655 8.1819602 8.1858549 8.1897496 8.1928836 8.1945513 8.1962191 8.1978868 8.1986589 8.1988449 8.1976693 8.1945458 8.1902129 8.1823567 8.1745004 8.1666442 8.1639821 8.165054 8.1634176 8.158641 8.1538643 8.1490877 8.1506871 8.1533885 8.1562047 8.1590549 8.1619052 8.1638554 8.162688 8.1622359 8.1660895 8.169943 8.1737965
-9999 8.2047728 8.1937282 8.1834885 8.1793836 8.1752787 8.1711737 8.1689603 8.1689298 8.1688993 8.1688688 8.1737537 8.1797731 8.1840523 8.1848467 8.1856412 8.1864356 8.1879381 8.1896878 8.189651 8.1854924 8.1813338 8.1846461 8.1891383 8.1936305 8.1950109 8.1880508 8.1810908 8.1741308 8.1752001 8.1790947 8.1822287 8.1838965 8.1855642 8.1858341 8.1860201 8.1862061 8.1850305 8.181907 8.1787834 8.1756599 8.1680911 8.1602349 8.1575728 8.1586447 8.1597166 8.1597972 8.1550206 8.150244 8.1518434 8.1545448 8.1572461 8.160022 8.1628722 8.1648224 8.163655 8.1624876 8.1613202 8.164529 8.1683825
-9999 8.1969417 8.1893693 8.1852643 8.1811594 8.1770545 8.1729496 8.1707361 8.1707056 8.1706751 8.1706446 8.1706141 8.1731737 8.1774529 8.1782473 8.1790418 8.1798362 8.1806307 8.1817876 8.1817508 8.1795409 8.1840332 8.1885254 8.1930176 8.1975098 8.1988902 8.1919302 8.1849701 8.1780101 8.1710501 8.1684399 8.1715739 8.1728232 8.1730092 8.1731952 8.1733812 8.1735672 8.1723916 8.1692681 8.1661446 8.1630211 8.1598976 8.1538256 8.1511635 8.1522354 8.1533073 8.1543792 8.1554511 8.1514002 8.1529997 8.155701 8.1584024 8.1611038 8.1638393 8.1657895 8.1646221 8.1634546 8.1622872 8.1611198 8.1629685
-9999 8.1931528 8.1890479 8.184943 8.180838 8.1767331 8.1726282 8.172867 8.1728365 8.172806 8.1727755 8.172745 8.1727145 8.1740697 8.1748642 8.1756586 8.1764531 8.1772475 8.1780419 8.1799545 8.1844467 8.1889389 8.1934311 8.1979234 8.2024156 8.2031295 8.1962479 8.1892879 8.1823278 8.1753678 8.1684078 8.1638886 8.1640746 8.1642606 8.1644466 8.1646326 8.1648186 8.1662793 8.1631558 8.1600323 8.1569088 8.1537853 8.1506617 8.1487192 8.1497911 8.150863 8.1519349 8.1530068 8.1540787 8.1552833 8.1579847 8.1606861 8.1633875 8.1660888 8.1678897 8.166716 8.1655486 8.1643812 8.1632137 8.1620463
-9999 8.1848927 8.1807878 8.1766829 8.1725779 8.1694487 8.1724201 8.1746481 8.1760183 8.1762812 8.1762507 8.1762202 8.1761897 8.1777342 8.1824329 8.18445 8.1852444 8.1860389 8.1868333 8.1887459 8.1932381 8.1977303 8.2022225 8.2067147 8.2005605 8.196128 8.1988611 8.1952652 8.1883052 8.1813452 8.1743852 8.169866 8.170052 8.170238 8.170424 8.1704561 8.1655473 8.1674483 8.1790918 8.1786252 8.1755017 8.1723782 8.1692547 8.1658608 8.1623557 8.1634276 8.1644995 8.1655714 8.1666432 8.1650702 8.164536 8.1672374 8.1699388 8.1726401 8.174441 8.1731228 8.1719082 8.1707408 8.1695734 8.1684059
-9999 8.1766326 8.1725277 8.1684228 8.1680134 8.1709847 8.1739561 8.1761842 8.1775544 8.1789246 8.1797258 8.1796953 8.1796648 8.1812094 8.185908 8.1906067 8.1940358 8.1948303 8.1956247 8.1975373 8.2020295 8.2065217 8.207771 8.200665 8.193559 8.1891265 8.1918596 8.1945928 8.1942826 8.1873225 8.1803625 8.1758433 8.1760293 8.1762153 8.1745205 8.1696117 8.1647029 8.1666039 8.1782473 8.1898907 8.1940947 8.1909712 8.1878476 8.1844537 8.1808654 8.177277 8.177064 8.1781359 8.1792078 8.1776348 8.1756046 8.1737887 8.1764901 8.1791915 8.1809923 8.1796741 8.1783558 8.1771004 8.175933 8.1747656
-9999 8.1683725 8.1642676 8.166578 8.1695494 8.1725208 8.1754922 8.1777202 8.1790904 8.1804607 8.1818309 8.1831705 8.18314 8.1846845 8.1893832 8.1940818 8.1987805 8.2034791 8.2044161 8.2063287 8.2108209 8.2078755 8.2007695 8.1936634 8.1865574 8.1821249 8.1848581 8.1875912 8.1903244 8.1930575 8.1863399 8.1818207 8.1820067 8.1785849 8.173676 8.1687672 8.1638584 8.1657594 8.1774029 8.1890463 8.2006897 8.2095641 8.2064406 8.2030466 8.1994583 8.19587 8.1922817 8.1907005 8.1917724 8.1901993 8.1881692 8.186139 8.1841089 8.1857428 8.1875437 8.1862254 8.1849071 8.1835889 8.1822926 8.1811252
-9999 8.1621714 8.1651427 8.1681141 8.1710855 8.1740568 8.1770282 8.1792563 8.1806265 8.1819967 8.1833669 8.1847371 8.1861073 8.1881597 8.1928583 8.197557 8.2022556 8.2069543 8.2116529 8.215086 8.20798 8.2008739 8.1937679 8.1866619 8.1795559 8.1751234 8.1778565 8.1805897 8.1833228 8.186056 8.1887891 8.187558 8.1826492 8.1777404 8.1728316 8.1679228 8.163014 8.164915 8.1765584 8.1882018 8.1998452 8.2114887 8.2231321 8.2216396 8.2180513 8.2144629 8.2108746 8.2072863 8.2043369 8.2027639 8.2007337 8.1987036 8.1966734 8.1946433 8.194095 8.1927767 8.1914584 8.1901402 8.1888219 8.1875037
-9999 8.1615723 8.1645437 8.167515 8.1704864 8.1734578 8.1769059 8.1739914 8.1676435 8.1690137 8.1703839 8.1717541 8.1731243 8.1769751 8.1847792 8.1894779 8.1941766 8.1988752 8.2035739 8.204703 8.1975969 8.1904909 8.1833849 8.1762789 8.1718471 8.1722931 8.1734077 8.1761408 8.178874 8.1816071 8.1843403 8.1844632 8.1795544 8.1746456 8.1697367 8.1648279 8.1624682 8.1620039 8.1651172 8.1767606 8.188404 8.2000474 8.2116909 8.2170145 8.2153956 8.2118073 8.2082189 8.2046306 8.2010423 8.1983755 8.1962681 8.1942379 8.1922078 8.1901776 8.1909959 8.1991657 8.1978474 8.1965292 8.1952109 8.1938927
