mean_models/J1_mean_tot_conduct_slide_61.34.dat.tif
NCOLS 118
NROWS 92
XLLCORNER 139.62
YLLCORNER -39.07
DX 0.099491525
DY 0.099347826
NODATA_VALUE -9999
[rows 0 to 25 of 92, columns 0 to 56 of 118]
-1.8838299 -1.8845919 -1.9094648 -1.9230155 -1.9561793 -1.9766546 -2.0214258 -2.0652072 -2.1078465 -2.132075 -2.1805044 -2.2251273 -2.2739307 -2.3203629 -2.3601595 -2.3999562 -2.4397528 -2.4811045 -2.5123519 -2.546712 -2.578112 -2.6094129 -2.6398287 -2.666871 -2.6911247 -2.7146459 -2.7345442 -2.7346479 -2.7395508 -2.7338421 -2.7131913 -2.6790597 -2.6419796 -2.5909347 -2.531901 -2.4692983 -2.4046288 -2.342735 -2.2798983 -2.2324245 -2.1800605 -2.160145 -2.1352721 -2.1309623 -2.1435668 -2.2013273 -2.2432185 -2.3151782 -2.3832514 -2.4752488 -2.5642675 -2.655308 -2.7439402 -2.8213225 -2.8942732 -2.9518736 -3.0028905
-1.8784988 -1.9048093 -1.9386834 -1.9766622 -2.0152979 -2.0614385 -2.1144527 -2.1847566 -2.2400829 -2.2852342 -2.3402145 -2.406295 -2.460025 -2.5197284 -2.5623607 -2.6138692 -2.6563737 -2.6930601 -2.7229076 -2.752755 -2.7826025 -2.81245 -2.8422974 -2.8707423 -2.8969972 -2.9331709 -2.9649179 -2.9822145 -2.9945207 -3.0129208 -3.0024079 -3.0008573 -2.9709732 -2.945235 -2.8927759 -2.8443091 -2.7810255 -2.720038 -2.6537921 -2.590991 -2.532095 -2.4895961 -2.4580231 -2.4322399 -2.4363753 -2.4679632 -2.4975766 -2.55445 -2.6118964 -2.6955138 -2.7724874 -2.8606096 -2.9406141 -3.0179716 -3.0866333 -3.1413404 -3.1747034
-1.8758833 -1.9140413 -1.9588125 -2.0051085 -2.0524854 -2.1130424 -2.1826864 -2.2556058 -2.3266712 -2.4021312 -2.4767498 -2.5496609 -2.6193049 -2.6886865 -2.7434069 -2.7964846 -2.8412558 -2.882408 -2.9122554 -2.942626 -2.9724734 -3.0023209 -3.0321683 -3.0649876 -3.0998097 -3.1365065 -3.1763031 -3.2150673 -3.2449148 -3.2727789 -3.2884881 -3.2970025 -3.2870534 -3.2682554 -3.2316006 -3.1878468 -3.1281519 -3.0628557 -2.9895462 -2.9183407 -2.8502675 -2.7973646 -2.757568 -2.7307386 -2.7150294 -2.7229082 -2.7438538 -2.787705 -2.840069 -2.9097689 -2.9830785 -3.0597563 -3.1375291 -3.2083656 -3.2712889 -3.3079436 -3.3353995
-1.8448371 -1.8829951 -1.9277663 -1.9740623 -2.0341665 -2.104298 -2.1826864 -2.2639871 -2.3577174 -2.4405897 -2.5450515 -2.6179625 -2.7046793 -2.7925691 -2.8671877 -2.9239179 -2.9836128 -3.0272844 -3.067081 -3.0988381 -3.1336601 -3.1637611 -3.1967689 -3.234396 -3.2791672 -3.317403 -3.3621742 -3.4036777 -3.4484489 -3.4800619 -3.5114802 -3.5240633 -3.5290379 -3.5104157 -3.4848723 -3.4517836 -3.4013584 -3.3360623 -3.2627527 -3.1894432 -3.1172648 -3.0570964 -3.0059375 -2.9740615 -2.9509805 -2.9528672 -2.9673864 -3.0042999 -3.0511831 -3.1169414 -3.1879834 -3.2514178 -3.3238063 -3.3790793 -3.4376384 -3.4638204 -3.4850167
-1.8009999 -1.8342994 -1.8790706 -1.9336838 -1.9952738 -2.0748461 -2.1567649 -2.2521935 -2.3499162 -2.4568956 -2.5672772 -2.6683281 -2.762845 -2.8753834 -2.9577108 -3.0339354 -3.0989729 -3.1571127 -3.2010688 -3.2408654 -3.2771248 -3.3119468 -3.3467689 -3.3873376 -3.4321087 -3.4782316 -3.5245927 -3.5706647 -3.6170766 -3.6611241 -3.6957941 -3.7215784 -3.7290379 -3.7254239 -3.7044783 -3.6823117 -3.6334101 -3.5739699 -3.5006603 -3.4273508 -3.3540412 -3.2917364 -3.237016 -3.1959569 -3.1697749 -3.1652856 -3.1757584 -3.2072415 -3.2491326 -3.3074645 -3.3755376 -3.4327901 -3.4950083 -3.5447655 -3.5888293 -3.6079372 -3.6176607
-1.7410429 -1.7721868 -1.8119834 -1.8653822 -1.9269722 -2.0065444 -2.1060359 -2.2087288 -2.3224334 -2.4382679 -2.5676069 -2.6850388 -2.8044286 -2.9188481 -3.0233142 -3.1146555 -3.1942487 -3.2626698 -3.3173901 -3.3650502 -3.4048468 -3.4429451 -3.4827417 -3.5239408 -3.568712 -3.6148349 -3.6645806 -3.7134772 -3.763223 -3.8101459 -3.852037 -3.8830187 -3.8979424 -3.9019402 -3.8967038 -3.8747982 -3.830027 -3.7726655 -3.699356 -3.6260464 -3.5527369 -3.490432 -3.4357117 -3.3945478 -3.3631294 -3.3571945 -3.3624308 -3.3924683 -3.4292006 -3.484486 -3.5431871 -3.5964476 -3.6502393 -3.6944578 -3.7316418 -3.7368782 -3.7356362
-1.6645687 -1.6940142 -1.7272178 -1.7756403 -1.8401005 -1.9221626 -2.024349 -2.1397019 -2.2628886 -2.3821198 -2.5198312 -2.6588227 -2.7904661 -2.9247924 -3.0372241 -3.1535589 -3.2481686 -3.3199864 -3.3803759 -3.4409945 -3.48263 -3.5259478 -3.5675324 -3.6123036 -3.6570748 -3.7045494 -3.7583035 -3.8080492 -3.857795 -3.9055671 -3.9493705 -3.9854983 -4.0044896 -4.0193859 -4.0188125 -4.0029639 -3.9606248 -3.9070405 -3.8392325 -3.7711415 -3.7010556 -3.6408872 -3.5828873 -3.5396429 -3.5082245 -3.5014404 -3.5025611 -3.5305049 -3.5625713 -3.6163135 -3.6637914 -3.7152613 -3.7572298 -3.7982353 -3.8208538 -3.8243207 -3.8160914
-1.5876823 -1.6058011 -1.6356485 -1.6868435 -1.7531711 -1.8344549 -1.938921 -2.0558432 -2.1837608 -2.3239227 -2.47316 -2.6223973 -2.7716346 -2.923573 -3.0479374 -3.1689801 -3.2684716 -3.3617428 -3.4314153 -3.4965466 -3.5414479 -3.5862191 -3.6309903 -3.6741922 -3.7189634 -3.7664379 -3.8211583 -3.8784803 -3.9290314 -3.9794351 -4.0268161 -4.0679115 -4.0927844 -4.1111508 -4.1163872 -4.1104826 -4.070686 -4.0229796 -3.9601429 -3.8978176 -3.8297444 -3.7682004 -3.7085055 -3.6636918 -3.6322734 -3.6204008 -3.6204008 -3.6412141 -3.6726324 -3.7143065 -3.7614341 -3.8004855 -3.8415359 -3.8664011 -3.8855003 -3.8847079 -3.8747562
-1.5069622 -1.5236884 -1.5487192 -1.5988122 -1.6556645 -1.735107 -1.8395731 -1.9571254 -2.0897808 -2.2313517 -2.3955127 -2.5478864 -2.7105059 -2.8680398 -3.0123025 -3.1380438 -3.252459 -3.3493243 -3.4289175 -3.4965466 -3.5512669 -3.5986376 -3.6392023 -3.6804014 -3.7251726 -3.7726472 -3.8273675 -3.8846895 -3.949359 -4.004272 -4.056636 -4.0990876 -4.128935 -4.1484063 -4.1631426 -4.161741 -4.1368681 -4.0918663 -4.0342659 -3.9744441 -3.9166738 -3.8565054 -3.8016441 -3.7553533 -3.7192028 -3.7053803 -3.7011209 -3.7170888 -3.7409341 -3.7768172 -3.8173172 -3.8496321 -3.8850006 -3.9015825 -3.9165465 -3.9060738 -3.8934605
-1.4498048 -1.4518947 -1.4728923 -1.5164789 -1.5698038 -1.6371859 -1.7359717 -1.8513246 -1.9819257 -2.1257181 -2.2898791 -2.4540401 -2.6191369 -2.784959 -2.9370122 -3.0748512 -3.1945618 -3.3012017 -3.386192 -3.4597682 -3.517238 -3.5675981 -3.6073947 -3.6485939 -3.6933651 -3.7408397 -3.79556 -3.852882 -3.9175515 -3.9817605 -4.0400001 -4.0880715 -4.1230279 -4.1481907 -4.1675751 -4.1815515 -4.1631471 -4.1312726 -4.0799702 -4.027624 -3.9732767 -3.9203262 -3.8669146 -3.8227043 -3.7860495 -3.7634714 -3.7567662 -3.7555217 -3.7754207 -3.7927461 -3.8294009 -3.8483572 -3.8787319 -3.8831038 -3.8936249 -3.8831521 -3.8677418
-1.4068455 -1.4026357 -1.4125848 -1.4444359 -1.4918128 -1.5517969 -1.6413393 -1.7454084 -1.8733261 -2.0115894 -2.1757505 -2.3416191 -2.5107547 -2.6757547 -2.8349412 -2.9837081 -3.1080725 -3.2223733 -3.3119157 -3.3932547 -3.4529496 -3.5068309 -3.5466275 -3.5886487 -3.6334199 -3.6808945 -3.7356148 -3.7929368 -3.8576063 -3.9226373 -3.9854741 -4.0437291 -4.0835257 -4.1205462 -4.1519646 -4.170873 -4.1609239 -4.1419434 -4.1000522 -4.058 -4.0108724 -3.9630169 -3.9132711 -3.8711413 -3.8344866 -3.8094425 -3.7937333 -3.787534 -3.787534 -3.7959962 -3.8117054 -3.8233045 -3.837941 -3.8360258 -3.8328577 -3.8223849 -3.8086186
-1.4006362 -1.3900069 -1.3877479 -1.419599 -1.4442692 -1.4897611 -1.5606192 -1.6591789 -1.7681458 -1.903223 -2.0524603 -2.2174343 -2.3828565 -2.5453607 -2.7045471 -2.854098 -2.983437 -3.0989216 -3.1934386 -3.2759613 -3.3406308 -3.3950646 -3.4383204 -3.4830916 -3.5278628 -3.5753374 -3.6300577 -3.6873798 -3.7520493 -3.817574 -3.8856472 -3.9478898 -4.0075847 -4.0460353 -4.0894618 -4.1188162 -4.1236684 -4.1113495 -4.093843 -4.057206 -4.0232909 -3.9775583 -3.9318988 -3.889769 -3.8531143 -3.8199787 -3.7937333 -3.7780241 -3.7689063 -3.755512 -3.7558222 -3.7468436 -3.7510117 -3.7344297 -3.7269496 -3.7112404 -3.6984999
-1.4241846 -1.4097216 -1.3988623 -1.400343 -1.419528 -1.4500804 -1.5162731 -1.5771835 -1.6809447 -1.8041469 -1.9533842 -2.0915419 -2.2557029 -2.4117262 -2.5709126 -2.7155884 -2.846562 -2.9650154 -3.0595323 -3.1450238 -3.2096933 -3.2717897 -3.3165609 -3.3613321 -3.4061033 -3.4522262 -3.5050577 -3.5623798 -3.6270493 -3.6958145 -3.7638877 -3.83558 -3.895275 -3.9572867 -4.0050501 -4.0434901 -4.0503398 -4.0643726 -4.0511883 -4.0380348 -4.0110325 -3.9802553 -3.938964 -3.9021099 -3.865261 -3.8321254 -3.7967149 -3.7747836 -3.7442613 -3.7239223 -3.6935049 -3.681239 -3.6511203 -3.6345384 -3.6019496 -3.5862404 -3.5608097
-1.4703825 -1.4411283 -1.4112808 -1.3994287 -1.394691 -1.4143841 -1.4541807 -1.5150911 -1.6003695 -1.7049673 -1.8293317 -1.9650424 -2.1192543 -2.2729099 -2.4221472 -2.5665667 -2.7008803 -2.8222029 -2.9167198 -3.0031653 -3.0728094 -3.1351865 -3.1799577 -3.2247289 -3.2695 -3.3156229 -3.3653687 -3.4203178 -3.4899619 -3.5607423 -3.6392882 -3.713693 -3.7833371 -3.8490748 -3.9119115 -3.9596346 -3.9944567 -4.0149057 -4.0201421 -4.015296 -4.0048232 -3.98123 -3.9513825 -3.9145284 -3.8726372 -3.8323968 -3.7905057 -3.7479242 -3.7007966 -3.6608852 -3.618994 -3.5804044 -3.539354 -3.4969689 -3.4572687 -3.4258503 -3.3993695
-1.5489015 -1.5039479 -1.4633121 -1.4481583 -1.4275753 -1.414996 -1.4317011 -1.4794153 -1.5439361 -1.6342388 -1.7391007 -1.8737109 -2.0185581 -2.1545284 -2.2957613 -2.4385749 -2.5688354 -2.6922634 -2.7908842 -2.8763757 -2.9418651 -3.0042422 -3.0490134 -3.0937846 -3.1385558 -3.1833269 -3.2287654 -3.2824137 -3.3476997 -3.4208964 -3.5037855 -3.5843883 -3.6659118 -3.7333003 -3.8040283 -3.874626 -3.9272556 -3.9606773 -3.9834369 -3.9886733 -3.9872961 -3.9741884 -3.9524831 -3.9186753 -3.8793967 -3.8304672 -3.7842964 -3.7264374 -3.6743088 -3.6048574 -3.555801 -3.479347 -3.4312269 -3.3541564 -3.3069401 -3.2530922 -3.2233197
-1.6430455 -1.5882799 -1.5385341 -1.5012642 -1.472838 -1.4443167 -1.4492913 -1.4663923 -1.5232446 -1.5881356 -1.68669 -1.7981349 -1.9324485 -2.0571342 -2.1957504 -2.3286148 -2.4571802 -2.5771887 -2.6766802 -2.765642 -2.8303115 -2.8891675 -2.9339387 -2.9759048 -3.0194955 -3.0642667 -3.1090379 -3.1564108 -3.2196965 -3.2878528 -3.3709582 -3.4550088 -3.5395766 -3.6221491 -3.700695 -3.7812564 -3.8409514 -3.8969839 -3.9284023 -3.9566489 -3.9618853 -3.9611653 -3.9462415 -3.9226608 -3.886006 -3.8387937 -3.7864298 -3.7201036 -3.6572668 -3.5775295 -3.50422 -3.4140164 -3.3344074 -3.2461703 -3.1661812 -3.1036627 -3.0477081
-1.7561725 -1.6979668 -1.6332973 -1.5884354 -1.5410585 -1.5090789 -1.4941552 -1.5048918 -1.5333179 -1.5881356 -1.6677288 -1.7703479 -1.8847631 -2.0041487 -2.1334877 -2.262383 -2.3817728 -2.4977104 -2.5972019 -2.6861638 -2.7508333 -2.8096892 -2.8544604 -2.8964265 -2.9312485 -2.9715421 -3.0163133 -3.0636861 -3.1184065 -3.1818818 -3.2604277 -3.3424146 -3.4269824 -3.5106079 -3.604863 -3.6887412 -3.7583853 -3.818152 -3.8705159 -3.9068352 -3.9382536 -3.9441522 -3.9441522 -3.9247681 -3.8985861 -3.8520401 -3.7996761 -3.7273523 -3.6506436 -3.5610183 -3.4711041 -3.3632316 -3.2615523 -3.1510062 -3.053587 -2.9645682 -2.8953748
-1.8645842 -1.8049944 -1.7403249 -1.6857747 -1.635976 -1.6015064 -1.5798434 -1.5726493 -1.5956508 -1.6421641 -1.7151784 -1.7936572 -1.9048847 -2.0176347 -2.1438876 -2.2616715 -2.3777556 -2.4909251 -2.5889752 -2.6744668 -2.7391363 -2.7979922 -2.8414237 -2.8798178 -2.9120622 -2.9396385 -2.9772897 -3.0246626 -3.0770087 -3.1302667 -3.2044211 -3.2746804 -3.3576628 -3.4421142 -3.5344862 -3.6153359 -3.6869637 -3.7524264 -3.8093952 -3.8564692 -3.893438 -3.9105299 -3.9190234 -3.9191722 -3.8985861 -3.8548082 -3.813446 -3.7448555 -3.6663095 -3.5743693 -3.4708885 -3.361223 -3.2365043 -3.1222225 -2.9907645 -2.8938189 -2.7947779
-1.9701413 -1.9127933 -1.8481238 -1.7908012 -1.7386866 -1.6993784 -1.6695309 -1.6612159 -1.6801667 -1.7135202 -1.7732151 -1.8482786 -1.9527447 -2.0576975 -2.1770873 -2.2937503 -2.4081656 -2.5141186 -2.6086356 -2.6930062 -2.7576757 -2.8150782 -2.8548748 -2.888222 -2.9130948 -2.9361874 -2.9710094 -3.0050704 -3.0498416 -3.0946685 -3.1575053 -3.2204609 -3.3000541 -3.3827704 -3.4717892 -3.5491317 -3.6237503 -3.6935218 -3.7563585 -3.8098077 -3.8516989 -3.8821092 -3.8970329 -3.9016654 -3.8911926 -3.8664867 -3.8298319 -3.765725 -3.6871791 -3.5885512 -3.4838233 -3.3582242 -3.2315843 -3.0859997 -2.9418987 -2.8214616 -2.704699
-2.0756983 -2.0220323 -1.9660994 -1.9088793 -1.8615024 -1.8248024 -1.7999249 -1.7905315 -1.8047446 -1.837705 -1.8973999 -1.9724634 -2.0689048 -2.1683921 -2.2778328 -2.3926131 -2.5020538 -2.6063889 -2.6909567 -2.773343 -2.8330379 -2.8895891 -2.9256276 -2.956242 -2.9761403 -2.9973567 -3.0122804 -3.0417861 -3.0716335 -3.1125168 -3.154408 -3.2113605 -3.2660809 -3.345515 -3.4216289 -3.4912955 -3.555965 -3.6252201 -3.6880569 -3.7430123 -3.7896065 -3.8273128 -3.8597775 -3.8721118 -3.8787741 -3.861263 -3.8360411 -3.7834185 -3.7182253 -3.6262851 -3.5272879 -3.3978722 -3.2688397 -3.1140751 -2.966475 -2.8198559 -2.6948152
-2.1594303 -2.1134317 -2.0660906 -2.0259853 -1.9838558 -1.9596054 -1.937355 -1.9430212 -1.9599144 -1.990205 -2.0498999 -2.1215482 -2.2158435 -2.312013 -2.4212829 -2.5225372 -2.6261774 -2.7278427 -2.8123414 -2.8859177 -2.9455762 -2.9909618 -3.0257838 -3.0493194 -3.0692177 -3.0766304 -3.084991 -3.1038173 -3.1336648 -3.1488415 -3.1902748 -3.2193089 -3.2727504 -3.3136726 -3.3834062 -3.4318729 -3.4940967 -3.5463003 -3.6063467 -3.6534742 -3.7020047 -3.743984 -3.7802649 -3.8182337 -3.8311715 -3.8205293 -3.8133535 -3.7719307 -3.7337047 -3.6502525 -3.5722001 -3.4448763 -3.3273316 -3.172567 -3.0196272 -2.8730081 -2.7310788
-2.2318229 -2.2077044 -2.1778569 -2.1503568 -2.1266683 -2.1087443 -2.0987952 -2.1044614 -2.1281499 -2.1640637 -2.2237586 -2.2939506 -2.383493 -2.478257 -2.5827231 -2.6839774 -2.7784943 -2.8693515 -2.9489447 -3.0200152 -3.069761 -3.1127425 -3.1376154 -3.1587833 -3.1687325 -3.1759783 -3.1759783 -3.17929 -3.1842646 -3.1931933 -3.2089025 -3.2292498 -3.2541227 -3.284659 -3.3213138 -3.3623961 -3.4071673 -3.453662 -3.5007896 -3.5502929 -3.6026569 -3.6473297 -3.6871263 -3.7250951 -3.7617499 -3.7780438 -3.7885166 -3.773278 -3.7523325 -3.6899472 -3.6218741 -3.513295 -3.4018425 -3.2470779 -3.0932163 -2.9413608 -2.7938025
-2.2910294 -2.2901575 -2.2840625 -2.2578192 -2.2573217 -2.2668921 -2.2769175 -2.2891818 -2.3253374 -2.3635123 -2.4278039 -2.4977445 -2.5842496 -2.6704742 -2.7608454 -2.8588878 -2.9439065 -3.0290929 -3.0942862 -3.1618455 -3.2018896 -3.2443684 -3.2636752 -3.2743913 -3.2744354 -3.2776261 -3.2627023 -3.2587134 -3.2437897 -3.2432483 -3.2287218 -3.2356669 -3.2279484 -3.2567251 -3.2700942 -3.2742891 -3.289257 -3.3263803 -3.3567049 -3.4012054 -3.4461134 -3.4969274 -3.5435443 -3.5967451 -3.6499433 -3.6936364 -3.7239604 -3.7384252 -3.7340213 -3.7130757 -3.6620154 -3.5840671 -3.4822213 -3.3606206 -3.2115456 -3.0648722 -2.9146625
-2.3290852 -2.3592594 -2.364234 -2.36907 -2.3756209 -2.4119316 -2.4290151 -2.4590044 -2.4980915 -2.5454553 -2.6101248 -2.6816248 -2.7661926 -2.8435193 -2.930791 -3.0139097 -3.0949189 -3.1686011 -3.2295595 -3.2836993 -3.3209202 -3.3534498 -3.3683736 -3.3707004 -3.3679212 -3.359811 -3.340566 -3.3204389 -3.2995501 -3.2765343 -3.2519671 -3.2280304 -3.2115235 -3.2048709 -3.2048709 -3.1741441 -3.1799253 -3.1857813 -3.2087743 -3.2375834 -3.2791445 -3.3312698 -3.3810156 -3.4495458 -3.5123825 -3.5842066 -3.6313341 -3.679639 -3.6953481 -3.7021409 -3.6811954 -3.6338579 -3.5553506 -3.4546179 -3.3344508 -3.1975461 -3.0542187
-2.3589949 -2.3977031 -2.4374997 -2.4604326 -2.4935964 -2.5299072 -2.5697038 -2.6080262 -2.6554031 -2.7068955 -2.771565 -2.841647 -2.9162657 -2.9925411 -3.0721343 -3.1505129 -3.220157 -3.2865767 -3.3363224 -3.3830472 -3.4128946 -3.4394697 -3.4444443 -3.4452112 -3.4352621 -3.4219034 -3.392056 -3.3639036 -3.3290815 -3.295162 -3.2480344 -3.2094027 -3.1696061 -3.1430964 -3.1012053 -3.0685871 -3.0486888 -3.0429688 -3.0429688 -3.0637247 -3.095143 -3.1452982 -3.2049931 -3.2767042 -3.3604865 -3.4402743 -3.5240566 -3.5848806 -3.6456742 -3.6658482 -3.6811954 -3.6553122 -3.617443 -3.5400607 -3.4462171 -3.3310164 -3.2032405
-2.3674188 -2.4318873 -2.4851763 -2.5210916 -2.5705795 -2.6289102 -2.6772581 -2.7249724 -2.7783718 -2.8301031 -2.8913204 -2.9594052 -3.0302382 -3.0932509 -3.1586289 -3.2285865 -3.2838119 -3.3425704 -3.3813496 -3.4205657 -3.4392941 -3.4618746 -3.4652106 -3.4596004 -3.4420352 -3.4253275 -3.3916212 -3.3552695 -3.3048084 -3.2629469 -3.2041349 -3.1493165 -3.0884512 -3.0479606 -2.9973412 -2.9421215 -2.9066575 -2.8863283 -2.8741033 -2.8872389 -2.9160738 -2.9642316 -3.0239266 -3.106774 -3.197049 -3.3019464 -3.3958772 -3.4956275 -3.5682132 -3.6355148 -3.6631728 -3.6841184 -3.6603455 -3.628206 -3.5505631 -3.4636251 -3.3500703
