mean_models/J1_mean_vp_slide_diff_120.dat.tif
NCOLS 118
NROWS 92
XLLCORNER 139.62
YLLCORNER -39.07
DX 0.099491525
DY 0.099347826
NODATA_VALUE -9999
[rows 54 to 80 of 92, columns 0 to 59 of 118]
-9999 8.026425 8.0221917 8.0179584 8.0137251 8.0085728 8.0033437 7.998931 7.9954607 7.9919904 7.9885201 7.9913729 7.9958903 7.9968049 7.9905048 7.9842047 7.9880771 7.992897 7.9977168 8.0044296 8.0155093 8.026589 8.0376687 8.0404727 8.039558 8.0418359 8.0526705 8.0635051 8.0673105 8.0702804 8.0732503 8.0714676 8.0605235 8.0495795 8.0386354 8.0319712 8.0264491 8.0226893 8.0214508 8.0202123 8.0189738 8.020499 8.0222663 8.0220916 8.0205209 8.0189238 8.0172606 8.0155973 8.0139341 8.012962 8.0121094 8.0112568 8.0114296 8.0127086 8.0137933 8.0142049 8.0146166 8.0150282 8.0044905 7.9920572
-9999 8.024741 8.0205077 8.0160285 8.0107993 8.0055702 8.000341 7.9959283 7.992458 7.9899125 7.9944299 7.9989473 8.0034647 8.0043794 7.9980792 7.9917791 7.985479 7.985988 7.9908078 7.9975206 8.0086003 8.01968 8.0188561 8.0179414 8.0170268 8.0193046 8.0301393 8.0409739 8.0518085 8.0578219 8.0607918 8.0590092 8.0480651 8.0375012 8.0319791 8.026457 8.0209349 8.0171751 8.0159366 8.0152345 8.0170019 8.0187692 8.0205366 8.0203619 8.0187912 8.0172204 8.0156453 8.0139821 8.0123188 8.0113467 8.0104941 8.0111266 8.0124056 8.0136846 8.0147693 8.0151809 8.0147183 8.002285 7.9898518 7.9774185
-9999 8.0230571 8.018255 8.0130258 8.0077967 8.0025675 7.9973383 7.9929256 7.9929695 7.9974869 8.0020043 8.0065217 8.0110391 8.0119538 8.0056536 7.9993535 7.9930534 7.9867532 7.9838989 7.9906116 7.9981542 7.9972395 7.9963249 7.9954102 7.9944955 7.9967734 8.007608 8.0184427 8.0292773 8.0401119 8.0483334 8.0465507 8.0375091 8.031987 8.0264649 8.0209427 8.0154206 8.0116609 8.0117374 8.0135048 8.0152721 8.0170395 8.0188068 8.0186322 8.0170614 8.0154907 8.0139199 8.0123492 8.0107035 8.0097315 8.0108236 8.0121026 8.0133816 8.0146606 8.0157453 8.0125128 8.0000796 7.9876463 7.9752131 7.9627798
-9999 8.0189317 8.0137026 8.0084734 8.0032442 7.998015 7.9927859 7.9910819 7.9955993 8.0001168 8.0046342 8.0091516 8.013669 8.0169623 8.0106622 8.0043621 7.9980619 7.9917618 7.9854617 7.98079 7.9798754 7.9789607 7.978046 7.9771314 7.9762167 7.9753347 7.9860278 7.9968624 8.0076971 8.0185317 8.0293663 8.034614 8.0290919 8.0235698 8.0180477 8.0125256 8.0070034 8.0080488 8.0098161 8.0115835 8.0133508 8.0151181 8.0168855 8.0160181 8.0144473 8.0128766 8.0113059 8.0097351 8.0081644 8.0068803 8.0081593 8.0094383 8.0107173 8.0119963 8.0123117 8.0004188 7.9879855 7.9755523 7.963119 7.9506858
-9999 8.0090862 8.003857 7.9986278 7.9933986 7.9885596 7.9864668 7.9844733 7.9825944 7.9858586 7.990376 7.9948934 7.9994108 8.0029528 8.0045415 8.0006072 7.994307 7.9880069 7.9817068 7.9770351 7.9761205 7.9752058 7.9742911 7.9733765 7.9676361 7.9644778 7.9696028 7.9785303 7.989365 8.0001996 8.0110342 8.0162819 8.0107598 8.0052377 7.9997156 7.9943023 7.9951284 7.9987217 8.0062737 8.0090077 8.010775 8.0125424 8.0143097 8.0127282 8.0088128 8.007242 8.0056713 8.0041005 8.0025298 7.9968958 7.9930617 7.9943407 7.9956197 7.9968987 7.9972142 7.9941919 7.9845825 7.9721493 7.959716 7.9472828
-9999 7.9992406 7.9940114 7.9887822 7.9850522 7.9829594 7.9808667 7.9788732 7.9769943 7.9751154 7.9761178 7.9806352 7.9851526 7.9886946 7.9902833 7.991872 7.9905521 7.984252 7.9779519 7.9732802 7.9723655 7.9714509 7.969277 7.9630281 7.9567792 7.9536208 7.9587458 7.9638708 7.9710329 7.9818675 7.9927021 7.9979498 7.9924277 7.9869056 7.9834553 7.9842814 7.9851075 7.9887008 7.9962529 8.003805 8.0081993 8.0099666 8.011734 8.0101524 8.0061633 8.0021742 8.0000367 7.998466 7.9968952 7.9912613 7.9849251 7.9792432 7.9805222 7.9818012 7.9821166 7.9790944 7.9760721 7.9687463 7.956313 7.9438798
-9999 7.989395 7.9841658 7.9815448 7.9794521 7.9773593 7.9752666 7.9732731 7.9713942 7.9695152 7.9676363 7.966377 7.9708944 7.9744364 7.9760251 7.9776139 7.9792026 7.9804971 7.9741969 7.9695253 7.9686106 7.9646689 7.95842 7.9521711 7.9459222 7.9427639 7.9478889 7.9530139 7.9581388 7.9635354 7.97437 7.9796177 7.9740956 7.9726083 7.9734344 7.9742605 7.9750866 7.9786799 7.986232 7.9937841 8.0013362 8.0073909 8.0091582 8.0075766 8.0035876 7.9995985 7.9956094 7.9928314 7.9912607 7.9856267 7.9792905 7.9729543 7.9666181 7.9667036 7.967019 7.9639968 7.9609746 7.9579523 7.95291 7.9404768
-9999 7.9801302 7.9780374 7.9759447 7.9738519 7.9717592 7.9696664 7.967673 7.965794 7.9639151 7.9620362 7.9601573 7.9582783 7.9601783 7.961767 7.9633557 7.9649444 7.9665331 7.9681218 7.9657704 7.9600609 7.953812 7.9475631 7.9413142 7.9350653 7.9319069 7.9370319 7.9421569 7.9472819 7.9524069 7.9575319 7.9612856 7.9617613 7.9625874 7.9634135 7.9642396 7.9650657 7.968659 7.9762111 7.9837632 7.9913153 7.9988674 8.0064195 8.0050009 8.0010118 7.9970227 7.9930336 7.9890445 7.9856261 7.9799921 7.973656 7.9673198 7.9609836 7.9546474 7.9519215 7.9488992 7.945877 7.9428548 7.9398325 7.9368103
-9999 7.9779308 7.975838 7.9737453 7.9716525 7.9695598 7.969086 7.9721996 7.9733955 7.9715166 7.9696377 7.9677587 7.9658798 7.9628132 7.9602179 7.9618066 7.9633953 7.964984 7.9665727 7.9657915 7.9595426 7.9532937 7.9470448 7.9407959 7.9354892 7.9336075 7.9336375 7.9387625 7.9438875 7.9490125 7.9541375 7.9577942 7.9586203 7.9594464 7.9602725 7.9610986 7.9635334 7.9635267 7.9633794 7.9709315 7.9784836 7.9860357 7.9935878 7.9967855 7.9940123 7.9900232 7.9860341 7.982045 7.9780559 7.9843886 7.9782462 7.97191 7.9655738 7.9592376 7.951804 7.9435092 7.9404869 7.9374647 7.9344425 7.9314202
-9999 7.9772102 7.9751174 7.9730247 7.9709319 7.9718626 7.9737419 7.9768555 7.9813938 7.9848588 7.9829798 7.9811009 7.979222 7.9761554 7.9707104 7.965784 7.9673727 7.9689614 7.9705502 7.9697689 7.96352 7.9572711 7.9510222 7.9472797 7.9457507 7.943869 7.9410421 7.9386133 7.9437383 7.9488633 7.9539883 7.9576449 7.958471 7.9592972 7.9601233 7.9640941 7.9698875 7.9698808 7.9615762 7.9568775 7.9644296 7.9719817 7.9795338 7.9827315 7.9827989 7.9811 7.9771109 7.9731218 7.9691327 7.9754654 7.983582 7.9809464 7.9746102 7.968274 7.9608405 7.9496058 7.9393182 7.9362959 7.9332737 7.9302515
-9999 7.9764896 7.9743968 7.97276 7.9746393 7.9765185 7.9783978 7.9815114 7.9860497 7.990588 7.9951262 7.9944431 7.9925642 7.9894976 7.9840526 7.9786076 7.9731626 7.9729389 7.9745276 7.9737463 7.9674974 7.9612486 7.9590703 7.9575413 7.9560122 7.9541306 7.9513036 7.9484767 7.9456498 7.948714 7.953839 7.9574957 7.9583218 7.9591479 7.9646547 7.9704481 7.9762416 7.9762349 7.9679302 7.9596256 7.951321 7.9579278 7.9654799 7.9686775 7.9687449 7.9688123 7.9681877 7.9641986 7.9602095 7.9665422 7.9746588 7.9827753 7.9836467 7.9773105 7.9698769 7.9586422 7.9474075 7.9361728 7.9321049 7.9290827
-9999 7.975769 7.9755366 7.9774159 7.9792951 7.9811744 7.9830536 7.9861673 7.9907056 7.9952438 7.9997821 8.0043204 8.0059064 8.0028398 7.9973948 7.9919498 7.9865048 7.9810598 7.9785051 7.9777238 7.9723898 7.9708608 7.9693318 7.9678028 7.9662738 7.9643921 7.9615652 7.9587383 7.9559114 7.9530844 7.9536898 7.9573464 7.9594219 7.9652153 7.9710088 7.9768022 7.9825956 7.9825889 7.9742843 7.9659797 7.9576751 7.9493704 7.9514259 7.9546236 7.954691 7.9547583 7.9548257 7.9548931 7.9512863 7.957619 7.9657355 7.9738521 7.9819687 7.986347 7.9789134 7.9676787 7.956444 7.9452092 7.9339745 7.9279139
-9999 7.9769196 7.9787989 7.9806781 7.9825574 7.9844366 7.9863159 7.9883775 7.9929157 7.997454 8.0019923 8.0065306 8.0110689 8.0140491 8.0086041 8.0031591 7.9977141 7.9922691 7.9868241 7.9825632 7.9810342 7.9795052 7.9779762 7.9764472 7.9749181 7.9745923 7.9717654 7.9689384 7.9661115 7.9632846 7.9604577 7.9605752 7.9663687 7.9721621 7.9779556 7.983749 7.9895425 7.9875757 7.979271 7.9709664 7.9626618 7.9543571 7.9460525 7.941971 7.9420383 7.9421057 7.9421731 7.9422405 7.9423078 7.9492383 7.9573548 7.9654714 7.9735879 7.9817045 7.9828972 7.9716625 7.9604278 7.9491931 7.9379583 7.9267236
-9999 7.9732499 7.9751292 7.9770084 7.9788877 7.9805607 7.977797 7.978423 7.9829613 7.9874996 7.9920379 7.9965761 8.0011993 8.0050836 8.0074721 8.0037601 7.9983151 7.9928701 7.9874251 7.9831642 7.9816352 7.9801061 7.9785771 7.9770481 7.9744801 7.9739588 7.9795101 7.9788335 7.9760066 7.9731797 7.9703528 7.9704703 7.9762637 7.9820572 7.9878506 7.9936441 7.9910322 7.9857613 7.9774567 7.9691521 7.9608475 7.952471 7.9433138 7.9382488 7.9363559 7.9364232 7.9364906 7.936558 7.9366254 7.9435558 7.9516724 7.9597889 7.9679055 7.9676256 7.9617501 7.9505153 7.9392806 7.9280459 7.9173603 7.9180468
-9999 7.9695802 7.9714595 7.9733387 7.97337 7.9706063 7.9678425 7.9684686 7.9730069 7.9775452 7.9821082 7.9867395 7.9913707 7.995255 7.9976435 8.0000319 7.998916 7.993471 7.988026 7.9837651 7.9822361 7.9807071 7.9789801 7.9761931 7.9734062 7.972885 7.9784363 7.9839875 7.9859016 7.9830747 7.9802478 7.9803653 7.9861588 7.9919522 7.9955186 7.9923683 7.9892179 7.983947 7.9756424 7.9673378 7.9587166 7.9495595 7.9404023 7.9353372 7.9332138 7.9310905 7.9308081 7.9308755 7.9309429 7.9378733 7.9459899 7.9541064 7.9508069 7.9464785 7.9406029 7.9293682 7.9181334 7.9103405 7.911027 7.9117134
-9999 7.9659105 7.9677898 7.9661794 7.9634156 7.9606519 7.9578881 7.9585142 7.9630524 7.9676484 7.9722796 7.9769109 7.9815421 7.9854264 7.9878149 7.9902034 7.9925918 7.994072 7.9886269 7.9843661 7.9828371 7.9806932 7.9779062 7.9751193 7.9723324 7.9718111 7.9773624 7.9829137 7.988465 7.9929698 7.9901429 7.9902604 7.9960538 7.9968546 7.9937043 7.9905539 7.9874036 7.9821327 7.9738281 7.9649622 7.9558051 7.9466479 7.9374907 7.9324256 7.9303023 7.9281789 7.9260556 7.925193 7.9252604 7.9321909 7.9383165 7.9339881 7.9296597 7.9253313 7.9194557 7.908221 7.9033207 7.9040072 7.9046936 7.9053801
-9999 7.9617524 7.9589887 7.9562249 7.9534612 7.9506974 7.9479337 7.9485597 7.9531886 7.9578198 7.9624511 7.9670823 7.9717136 7.9755978 7.9779863 7.9803748 7.9827632 7.9851517 7.9875401 7.984967 7.9824062 7.9796193 7.9768324 7.9740455 7.9712585 7.9707373 7.9762886 7.9818399 7.9873912 7.9929424 7.9984937 8.0001554 7.9981906 7.9950403 7.99189 7.9887396 7.9855893 7.9803184 7.9712079 7.9620507 7.9528935 7.9437364 7.9345792 7.9295141 7.9273907 7.9252674 7.923144 7.9210207 7.9195779 7.9214978 7.9171693 7.9128409 7.9085125 7.9041841 7.8983085 7.8963009 7.8969873 7.8976738 7.8983603 7.8990468
-9999 7.9557162 7.9529525 7.9501887 7.947425 7.9446613 7.9411973 7.9389051 7.9418395 7.9464707 7.951102 7.9557332 7.9603645 7.9633752 7.9643591 7.9667476 7.969136 7.9715245 7.9739129 7.9747364 7.9719495 7.9691626 7.9663757 7.9635887 7.9611024 7.9610192 7.9641651 7.9697164 7.9752677 7.980819 7.9863702 7.9889493 7.985799 7.9826487 7.9794983 7.976348 7.9730819 7.9698216 7.9633892 7.954232 7.9450748 7.9359177 7.9267605 7.923937 7.9227512 7.9206278 7.9185045 7.9163811 7.9142578 7.9139176 7.9095892 7.9052608 7.9009324 7.896604 7.8935229 7.8945338 7.8952203 7.8959068 7.8965933 7.8972798
-9999 7.9519047 7.9491409 7.9463772 7.9436134 7.9393743 7.934594 7.9323019 7.9328814 7.9342584 7.9388897 7.9435209 7.9481522 7.9511629 7.9509284 7.9509637 7.9533521 7.9557406 7.958129 7.9589526 7.9561656 7.9533787 7.9505918 7.9488804 7.9482362 7.948153 7.9495737 7.9513194 7.9568707 7.962422 7.9679733 7.9705524 7.967402 7.9642517 7.9611014 7.9576874 7.954101 7.9508408 7.9480471 7.9436273 7.9344701 7.925313 7.9161558 7.9133322 7.9150618 7.9150072 7.9128839 7.9107605 7.9086372 7.9084868 7.9086774 7.9053834 7.901055 7.8967266 7.8936455 7.8948851 7.8960458 7.8967323 7.8974188 7.8981053
-9999 7.9480931 7.9453294 7.9423317 7.9375514 7.9327711 7.9279908 7.9256986 7.9262781 7.9268576 7.9274371 7.9313086 7.9359398 7.9389505 7.9387161 7.9384816 7.9382471 7.9399567 7.9423452 7.9431687 7.9403817 7.9375948 7.9366583 7.9360141 7.9353699 7.9352868 7.9367075 7.9381282 7.9395489 7.944025 7.9495763 7.9521554 7.9490051 7.9458547 7.942293 7.9387066 7.9351202 7.9318599 7.9290662 7.9262726 7.9234789 7.9147083 7.9055511 7.9027275 7.9044571 7.9061867 7.9072633 7.9051399 7.9030166 7.9028662 7.9030568 7.9032475 7.9011776 7.8968492 7.8937681 7.8950077 7.8962472 7.8974868 7.8982443 7.8989308
-9999 7.9442815 7.9405088 7.9357285 7.9309482 7.9261679 7.9213875 7.9190954 7.9196749 7.9202544 7.9208339 7.9214134 7.9237275 7.9267382 7.9265037 7.9262693 7.9260348 7.9258003 7.9265613 7.9273848 7.9250805 7.9244363 7.9237921 7.9231479 7.9225037 7.9224206 7.9238413 7.925262 7.9266827 7.9281034 7.9311794 7.9337585 7.930485 7.9268986 7.9233121 7.9197257 7.9161393 7.912879 7.9100854 7.9072917 7.9044981 7.9017044 7.8949464 7.8921228 7.8938524 7.895582 7.8973116 7.8990412 7.897396 7.8972456 7.8974362 7.8976269 7.8978175 7.8969718 7.8938907 7.8951303 7.8963698 7.8976094 7.8988489 7.8997563
-9999 7.9394367 7.9346564 7.9298761 7.9250958 7.9203154 7.9155351 7.9137651 7.9143446 7.9149241 7.9155036 7.9160831 7.9166626 7.9162963 7.9160618 7.9158274 7.9155929 7.9153584 7.915124 7.9147656 7.9141214 7.9134772 7.912833 7.9121888 7.9115446 7.910975 7.9123717 7.9137924 7.9152131 7.9166338 7.9180545 7.917765 7.9141785 7.9105921 7.9070057 7.9034193 7.8998329 7.8993482 7.8965546 7.8937609 7.8909672 7.8881736 7.8853799 7.8845264 7.886256 7.8879856 7.8897152 7.8914448 7.8931743 7.8927748 7.8929654 7.893156 7.8933467 7.8935373 7.8944458 7.895775 7.8970145 7.8982541 7.8994936 7.9007332
-9999 7.9364265 7.9316462 7.9268659 7.9220855 7.9176711 7.9155442 7.9142799 7.9140109 7.9144127 7.9149922 7.9155717 7.9161512 7.9156699 7.9130642 7.9120872 7.9118527 7.9116182 7.9113837 7.9110254 7.9103812 7.909737 7.9090928 7.9084486 7.9088392 7.90877 7.9072199 7.9076096 7.9090303 7.910451 7.9118717 7.9115821 7.9079957 7.9044093 7.9008229 7.8974169 7.8998052 7.9017125 7.9029318 7.9008602 7.8980665 7.8952729 7.8924792 7.8908292 7.890047 7.8917766 7.8935062 7.8952358 7.8969654 7.8947599 7.8928469 7.8930375 7.8932281 7.8934188 7.8943273 7.8977224 7.8996355 7.900875 7.9021146 7.9033542
-9999 7.9334163 7.9286359 7.9238556 7.920461 7.9183342 7.9162074 7.914943 7.9146741 7.9144051 7.9144808 7.9150603 7.9156398 7.9151585 7.9125528 7.9099471 7.9081125 7.907878 7.9076435 7.9072852 7.906641 7.9059967 7.9056678 7.906151 7.9066342 7.9065649 7.9050148 7.9034648 7.9028475 7.9042682 7.9056889 7.9053993 7.9018129 7.8982265 7.8968457 7.899234 7.9016223 7.9035297 7.904749 7.9059683 7.9051659 7.9023722 7.8995785 7.8979285 7.8971007 7.8962728 7.8972972 7.8990268 7.9007564 7.8985509 7.8956653 7.892919 7.8931096 7.8933002 7.8942087 7.8976039 7.900999 7.903496 7.9047356 7.9059751
-9999 7.930406 7.9256257 7.923251 7.9211242 7.9189974 7.9168705 7.9156062 7.9153372 7.9150683 7.9147993 7.9145489 7.9151284 7.9146471 7.9120414 7.9094357 7.90683 7.9042243 7.9039033 7.9035449 7.9029007 7.9029795 7.9034627 7.9039459 7.9044291 7.9043598 7.9028098 7.9012597 7.8997097 7.8981596 7.8995061 7.8992165 7.8956301 7.8962746 7.8986629 7.9010512 7.9034395 7.9053469 7.9065661 7.9077854 7.9090047 7.9094715 7.9066779 7.9050278 7.9042 7.9033721 7.9025442 7.9028178 7.9045474 7.9023419 7.8994563 7.8965707 7.8936851 7.8931817 7.8940902 7.8974853 7.9008805 7.9042756 7.9073566 7.9085961
-9999 7.9281678 7.926041 7.9239142 7.9217873 7.9196605 7.9175337 7.9162693 7.9160004 7.9157314 7.9154625 7.9151935 7.9149245 7.9141356 7.91153 7.9089243 7.9063186 7.9037129 7.9011072 7.899808 7.9002912 7.9007744 7.9012576 7.9017408 7.902224 7.9021547 7.9006047 7.8990547 7.8975046 7.8959546 7.8944045 7.8933151 7.8957035 7.8980918 7.9004801 7.9028684 7.9052567 7.907164 7.9083833 7.9096026 7.9108219 7.9120412 7.9132604 7.9121271 7.9112993 7.9104714 7.9096435 7.9088156 7.9083384 7.9061329 7.9032473 7.9003617 7.8974761 7.8945905 7.8939717 7.8973668 7.9007619 7.9041571 7.9075522 7.9109474
-9999 7.9197591 7.9176323 7.9155055 7.9133786 7.9112518 7.9139165 7.9171899 7.9169598 7.9166908 7.9164219 7.9161529 7.9158839 7.914834 7.9122221 7.9096164 7.9070107 7.904405 7.9017993 7.9001277 7.9006109 7.9010941 7.9015773 7.9020605 7.9022897 7.9023418 7.9026609 7.9011108 7.8995608 7.8980107 7.8964607 7.8962559 7.8986442 7.9010325 7.9034208 7.9058091 7.9070386 7.9075339 7.9087658 7.9099851 7.9112044 7.9124237 7.9136429 7.9150086 7.915217 7.9143892 7.9135613 7.9127334 7.9119055 7.9104232 7.9077464 7.9048608 7.9019752 7.8990896 7.8968241 7.8974427 7.9008379 7.904233 7.9076282 7.9110233
