mean_models/J1_mean_tot_conduct_slide_300.dat.tif
NCOLS 118
NROWS 92
XLLCORNER 139.62
YLLCORNER -39.07
DX 0.099491525
DY 0.099347826
NODATA_VALUE -9999
[rows 52 to 77 of 92, columns 0 to 57 of 118]
-2.1646834 -2.1840252 -2.1939743 -2.1694282 -2.1220513 -2.0877115 -2.0678132 -2.049304 -2.0303533 -2.0206691 -2.0306183 -2.0242495 -1.9894275 -1.957919 -1.9330461 -1.9113851 -1.8964614 -1.887758 -1.8927326 -1.9007156 -1.9156393 -1.9373259 -1.9721479 -2.0041649 -2.0290378 -2.0558092 -2.0806821 -2.0947966 -2.0748983 -2.0635809 -2.0740536 -2.0852969 -2.095246 -2.1261894 -2.1994989 -2.243996 -2.2489706 -2.2518986 -2.2518986 -2.1924241 -2.071987 -2.0218986 -2.0218986 -2.0188522 -2.0136158 -2.0611671 -2.1344766 -2.1418212 -2.1259344 -2.100524 -2.074342 -2.0135972 -1.9511641 -1.9290549 -1.9128478 -1.9128478 -1.9102527 -1.9050163
-2.1825398 -2.1989197 -2.2065115 -2.1829146 -2.1355377 -2.1035581 -2.0866189 -2.0671605 -2.0482097 -2.0447503 -2.0653819 -2.0599624 -2.0251403 -1.9936319 -1.968759 -1.947098 -1.9321742 -1.9219158 -1.9231261 -1.9296049 -1.9407136 -1.9614509 -1.9945257 -2.021568 -2.0425242 -2.0646937 -2.0816314 -2.0934958 -2.069579 -2.0559965 -2.0624658 -2.0727597 -2.0827089 -2.1136522 -2.1823803 -2.2208203 -2.2257949 -2.2287228 -2.2287228 -2.1709262 -2.0531813 -2.0010972 -1.9987228 -1.9956764 -1.99044 -2.0379913 -2.1113009 -2.1127549 -2.0957184 -2.0755445 -2.050217 -1.9944097 -1.9334913 -1.9165177 -1.8981884 -1.8940421 -1.8940421 -1.8924792
-2.2063645 -2.2243749 -2.2293495 -2.2036891 -2.1563122 -2.1536804 -2.1387566 -2.120333 -2.1013823 -2.0604228 -2.0852957 -2.089677 -2.054855 -2.0282378 -2.003365 -1.9833099 -1.9684106 -1.9565971 -1.9565217 -1.958026 -1.9678489 -1.9836116 -2.0134591 -2.0311746 -2.0506172 -2.0678121 -2.0824571 -2.0921774 -2.0686229 -2.0513158 -2.0565522 -2.0601374 -2.0700866 -2.0975598 -2.1603966 -2.1825322 -2.1875068 -2.1904348 -2.1904348 -2.150573 -2.0353722 -1.9854246 -1.9804501 -1.9753232 -1.9700868 -2.0127468 -2.0860563 -2.0891408 -2.0681952 -2.0472496 -2.0263041 -1.9773173 -1.9210796 -1.9044977 -1.8916304 -1.8868514 -1.8702174 -1.8702174
-2.2459332 -2.2654455 -2.2753946 -2.2695458 -2.312185 -2.3251535 -2.3052552 -2.2853438 -2.2616553 -2.2164344 -2.126892 -2.0963002 -2.0713499 -2.0481338 -2.0282354 -2.0098026 -1.9998535 -1.989713 -1.9847385 -1.9845187 -1.9894933 -2.0034812 -2.0146023 -2.0245515 -2.0345006 -2.0479425 -2.0578917 -2.0656847 -2.0607101 -2.0513158 -2.0565522 -2.06 -2.06 -2.0843134 -2.1001245 -2.1092101 -2.1092101 -2.1109565 -2.1109565 -2.0820582 -2.0244579 -1.9788015 -1.9738269 -1.9687 -1.9634636 -2.0004573 -2.0595636 -2.0650096 -2.0483257 -2.0273801 -2.0064345 -1.9706762 -1.9277028 -1.9111209 -1.8982536 -1.8982536 -1.8833404 -1.8414493
-2.2644187 -2.2856774 -2.2956265 -2.3247052 -2.3673444 -2.3803129 -2.3648378 -2.3507098 -2.3296988 -2.2827315 -2.1931891 -2.1258459 -2.1025321 -2.0826338 -2.0627354 -2.046049 -2.0360999 -2.0277058 -2.0213247 -2.0158883 -2.0195072 -2.022414 -2.0310584 -2.0374355 -2.0448768 -2.0462285 -2.0526525 -2.0586992 -2.0514201 -2.0415622 -2.0453696 -2.0453696 -2.043819 -2.0456979 -2.0577106 -2.0607391 -2.0587903 -2.0558623 -2.0535948 -2.0220872 -1.9672272 -1.9429174 -1.9407391 -1.9376927 -1.9324563 -1.9694501 -2.0234181 -2.0238864 -2.0122824 -1.9928801 -1.9810904 -1.9459299 -1.9148187 -1.8988245 -1.8902464 -1.8902464 -1.8770796 -1.8369475
-2.2742482 -2.2974237 -2.3073729 -2.3364516 -2.3790908 -2.3997797 -2.3898305 -2.3757026 -2.3567518 -2.3143475 -2.2248051 -2.1591695 -2.1392712 -2.1223729 -2.1024746 -2.0842881 -2.074339 -2.0643898 -2.0544407 -2.046 -2.046 -2.0474534 -2.052428 -2.0530975 -2.053 -2.0516483 -2.0563263 -2.0547966 -2.0396737 -2.0258684 -2.0255 -2.0208008 -2.0158263 -2.0142351 -2.0194715 -2.0144025 -2.009428 -2.0028457 -1.9976093 -1.9717288 -1.9193649 -1.898 -1.898 -1.8979536 -1.8927172 -1.9246918 -1.9770558 -1.9845161 -1.9740433 -1.9650705 -1.9545977 -1.9273747 -1.8968164 -1.8870782 -1.8785 -1.8785 -1.866979 -1.8303243
-2.2808714 -2.3040469 -2.3139961 -2.3439703 -2.3913473 -2.4138862 -2.4089116 -2.3955721 -2.3766214 -2.3344755 -2.2499077 -2.1856622 -2.1705693 -2.1556456 -2.1407219 -2.1239213 -2.1089976 -2.0975058 -2.0875566 -2.0791117 -2.0741371 -2.0739461 -2.0743696 -2.072967 -2.0679924 -2.0648947 -2.0599201 -2.0547966 -2.0348983 -2.0192452 -2.0087724 -2.000533 -1.9856092 -1.9811191 -1.9761662 -1.9668453 -1.9519216 -1.9425827 -1.9321099 -1.9077512 -1.86586 -1.8450145 -1.8450145 -1.8480609 -1.8529781 -1.8829335 -1.9306934 -1.9431377 -1.9409273 -1.9349193 -1.9281049 -1.907757 -1.88357 -1.8780427 -1.8718768 -1.8718768 -1.8603558 -1.8237011
-2.3254656 -2.351603 -2.3633366 -2.3951877 -2.4019483 -2.3796688 -2.3746942 -2.3676303 -2.3537736 -2.3098692 -2.2223135 -2.1616525 -2.1481573 -2.1382082 -2.126374 -2.1082385 -2.0870338 -2.0752203 -2.0684624 -2.0585133 -2.0502965 -2.0467754 -2.045601 -2.0406264 -2.0356519 -2.0279739 -2.01621 -2.0203413 -2.0348983 -2.0147368 -1.9974029 -1.9820115 -1.9609933 -1.9492794 -1.944043 -1.9305272 -1.9103056 -1.8950588 -1.8819939 -1.8715211 -1.8423455 -1.8281985 -1.83 -1.8330464 -1.8382828 -1.8294425 -1.8618437 -1.8810274 -1.8825362 -1.887001 -1.8823278 -1.9049962 -1.8847464 -1.8837818 -1.8806658 -1.8842391 -1.8793016 -1.8550489
-2.3689144 -2.3988856 -2.4138093 -2.3991904 -2.3612889 -2.3376398 -2.3326653 -2.3269709 -2.3174955 -2.279717 -2.1901746 -2.1279543 -2.1180052 -2.1094256 -2.0994764 -2.086079 -2.0612062 -2.0425536 -2.037579 -2.0297307 -2.0197815 -2.0112857 -2.0063112 -2.0013366 -1.996362 -1.9873145 -1.9723908 -1.9691746 -1.9990221 -2.0133673 -1.9924217 -1.9687651 -1.9438922 -1.9227867 -1.9175503 -1.8999258 -1.8750529 -1.8512109 -1.8355017 -1.8210501 -1.8105773 -1.8106188 -1.8155934 -1.8234594 -1.8286958 -1.8198555 -1.8045217 -1.8125057 -1.8235764 -1.8303561 -1.8377339 -1.8633182 -1.89 -1.89 -1.8925426 -1.897779 -1.8978016 -1.8820924
-2.3689144 -2.3998402 -2.4197385 -2.4050484 -2.3624092 -2.3379928 -2.3379928 -2.333594 -2.3241187 -2.2863402 -2.1967978 -2.1345775 -2.1293033 -2.1226719 -2.1127228 -2.0995618 -2.0796635 -2.0624232 -2.0529262 -2.042977 -2.0330279 -2.0245321 -2.0195575 -2.014583 -2.0052385 -1.9939377 -1.9790139 -1.9757978 -1.9971089 -2.0067441 -1.9812536 -1.9555187 -1.9213129 -1.8962939 -1.8761649 -1.853383 -1.818561 -1.7914552 -1.7705096 -1.7554381 -1.7502017 -1.7510101 -1.7559847 -1.7672044 -1.7823335 -1.778029 -1.778029 -1.7879977 -1.8037068 -1.8154015 -1.8311107 -1.8596253 -1.89 -1.8937037 -1.8991658 -1.9088044 -1.911048 -1.8953388
-2.3669976 -2.4018475 -2.4217458 -2.4050484 -2.3645352 -2.3422558 -2.34 -2.3378006 -2.3307419 -2.2929634 -2.203421 -2.1429083 -2.1379337 -2.1313024 -2.1213532 -2.1081922 -2.0882939 -2.0730609 -2.0661726 -2.0562234 -2.0462743 -2.0377785 -2.0328039 -2.0250243 -2.0118617 -2.0005609 -1.9856371 -1.9798193 -1.9997176 -2.0054054 -1.9726231 -1.9400917 -1.8994361 -1.8692119 -1.8450916 -1.8122381 -1.7774161 -1.7461487 -1.7227415 -1.7096772 -1.7044408 -1.7081942 -1.7148398 -1.7291058 -1.7463846 -1.7550554 -1.7561522 -1.776112 -1.7930692 -1.8132431 -1.8291035 -1.8688572 -1.8995991 -1.9095587 -1.9161939 -1.9266667 -1.9289103 -1.9132011
-2.3495334 -2.388217 -2.4081153 -2.3929513 -2.3550497 -2.3352485 -2.3302739 -2.3266485 -2.3219108 -2.2871953 -2.1976529 -2.1656402 -2.1606656 -2.1527951 -2.142846 -2.1284458 -2.1085475 -2.0933145 -2.0883399 -2.0818611 -2.0719119 -2.0634162 -2.0584416 -2.0630532 -2.0481295 -2.0307275 -2.0158038 -2.009986 -2.0298843 -2.0132677 -1.976613 -1.9359468 -1.8911756 -1.8508288 -1.8194104 -1.7828395 -1.7480175 -1.715511 -1.689329 -1.6736555 -1.6684191 -1.6659768 -1.6759259 -1.6935116 -1.7144572 -1.7248453 -1.7300817 -1.7562425 -1.7824244 -1.8041417 -1.8260275 -1.8670222 -1.9041716 -1.9152262 -1.9261505 -1.9366233 -1.9388668 -1.9231576
-2.2766783 -2.3145378 -2.3294615 -2.3147424 -2.2863163 -2.2692391 -2.2692391 -2.2670398 -2.2623021 -2.2275866 -2.2437377 -2.2583648 -2.2488457 -2.2388966 -2.2289474 -2.2141805 -2.1893076 -2.1727927 -2.1678182 -2.1613394 -2.1513902 -2.1428944 -2.1808227 -2.2087634 -2.1938397 -2.1762125 -2.1513397 -2.1424498 -2.0878687 -2.0265141 -1.9854448 -1.9425699 -1.8977988 -1.857452 -1.8115323 -1.7695932 -1.7298368 -1.6956414 -1.6694594 -1.6513387 -1.6199204 -1.6137985 -1.6287222 -1.6471493 -1.6680949 -1.6840089 -1.7101909 -1.7363729 -1.7625549 -1.7865992 -1.8127812 -1.8453762 -1.8710556 -1.8821103 -1.8930345 -1.9035073 -1.9057509 -1.9564656
-2.2550807 -2.2888856 -2.3038093 -2.2933656 -2.2649395 -2.25 -2.25 -2.2478006 -2.243063 -2.2487924 -2.2736653 -2.2865847 -2.2778033 -2.2711719 -2.2612228 -2.2464558 -2.221583 -2.2029304 -2.1979558 -2.191477 -2.1815279 -2.187566 -2.2332507 -2.2633608 -2.2453542 -2.2290787 -2.2073397 -2.1707592 -2.1011151 -2.0384447 -1.9965535 -1.9536786 -1.9089075 -1.8633555 -1.8162279 -1.7700939 -1.7279092 -1.6937139 -1.6675319 -1.6387228 -1.6073044 -1.6003753 -1.6137585 -1.6352319 -1.6576166 -1.6820814 -1.7082634 -1.7384373 -1.7651129 -1.7957596 -1.8219623 -1.8481443 -1.8740074 -1.8893639 -1.9002881 -1.9107609 -1.9360464 -1.9936468
-2.2501383 -2.2888856 -2.3038093 -2.2933656 -2.2649395 -2.25 -2.25 -2.2478006 -2.243063 -2.2487924 -2.2736653 -2.2882924 -2.2833178 -2.2766864 -2.2667373 -2.2519703 -2.2270975 -2.2084449 -2.2034703 -2.1981002 -2.1881511 -2.1956426 -2.2453884 -2.2766072 -2.2567089 -2.2368106 -2.2169123 -2.1851142 -2.1154702 -2.0539085 -2.0120173 -1.9691424 -1.9243712 -1.8788193 -1.8316917 -1.7866664 -1.7418952 -1.7036632 -1.6774812 -1.6486721 -1.6172537 -1.6092159 -1.6191651 -1.638558 -1.66474 -1.690922 -1.717104 -1.7472779 -1.7786963 -1.809006 -1.8404243 -1.8680139 -1.8938769 -1.9104589 -1.9267809 -1.9372537 -1.9636478 -2.0212482
-2.2435151 -2.2841156 -2.3038093 -2.2933656 -2.2649395 -2.25 -2.25 -2.2478006 -2.243063 -2.2487924 -2.2736653 -2.2882924 -2.2833178 -2.2766864 -2.2667373 -2.2519703 -2.2270975 -2.2084449 -2.2034703 -2.1984958 -2.1935212 -2.2022658 -2.2520115 -2.2835243 -2.2686005 -2.250057 -2.2301587 -2.1985528 -2.1338833 -2.0739851 -2.0373304 -1.9956352 -1.950864 -1.905312 -1.8581844 -1.8141479 -1.7743513 -1.7357335 -1.7043151 -1.6751648 -1.6437464 -1.6338725 -1.6390346 -1.6584276 -1.6846096 -1.7107915 -1.7369735 -1.7671475 -1.7985659 -1.8255195 -1.8536707 -1.8850891 -1.9137465 -1.9303284 -1.9467148 -1.962424 -1.9906778 -2.0535145
-2.234975 -2.2774924 -2.2973907 -2.2890105 -2.2848315 -2.3022609 -2.3005711 -2.2979058 -2.2953238 -2.3010532 -2.2998112 -2.2360315 -2.2310569 -2.2244256 -2.2154628 -2.2024586 -2.1748366 -2.156184 -2.1512095 -2.1462349 -2.1412603 -2.152273 -2.2012358 -2.2291764 -2.2149849 -2.203684 -2.1867891 -2.1551832 -2.0911442 -2.0372387 -2.0023985 -1.969867 -1.9281823 -1.8926091 -1.8653794 -1.8667711 -1.8255473 -1.7862697 -1.7548513 -1.7234329 -1.689796 -1.6777855 -1.6827601 -1.6970261 -1.7218994 -1.7480814 -1.7742634 -1.8044373 -1.8358557 -1.8628093 -1.8930475 -1.9244659 -1.9771668 -1.9938147 -2.0144902 -2.0301994 -2.0607212 -2.1124221
-2.2274132 -2.2718475 -2.2917458 -2.3194068 -2.3525706 -2.3676398 -2.3626653 -2.36 -2.36 -2.326589 -2.232072 -2.1682924 -2.1633178 -2.1583432 -2.1533686 -2.1403644 -2.1105169 -2.0884449 -2.0834703 -2.079474 -2.0744994 -2.0840588 -2.12883 -2.1581732 -2.148224 -2.1379014 -2.1229777 -2.0953681 -2.0356732 -1.9863558 -1.9601739 -1.9337181 -1.9038707 -1.8943234 -1.9257418 -1.9279707 -1.8831995 -1.8439219 -1.8125035 -1.7774797 -1.740825 -1.7278362 -1.7328108 -1.7470769 -1.7680224 -1.7905307 -1.8167127 -1.8468866 -1.878305 -1.9097234 -1.9411417 -1.9972479 -2.0536692 -2.0757785 -2.096454 -2.1121632 -2.1278723 -2.1435815
-2.2274132 -2.2718475 -2.2917458 -2.3190329 -2.3474591 -2.3623986 -2.3623986 -2.36 -2.36 -2.326589 -2.232072 -2.1682924 -2.1633178 -2.1583432 -2.1533686 -2.1403644 -2.1105169 -2.0884449 -2.0834703 -2.08 -2.08 -2.090682 -2.1354531 -2.1647964 -2.1548472 -2.1448981 -2.1349489 -2.1082919 -2.0436224 -1.9936541 -1.9779449 -1.9543086 -1.9294357 -1.9208161 -1.9613803 -1.968829 -1.9290324 -1.8902842 -1.8588658 -1.8221932 -1.7805641 -1.7656087 -1.7659267 -1.7801928 -1.8011384 -1.8185648 -1.8365822 -1.8667562 -1.8981746 -1.9295929 -1.9610113 -2.0171175 -2.0735388 -2.095648 -2.1163235 -2.1320327 -2.1477419 -2.1634511
-2.2274132 -2.2718475 -2.2917458 -2.3166344 -2.3450605 -2.36 -2.36 -2.36 -2.36 -2.326589 -2.232072 -2.1682924 -2.1633178 -2.1583432 -2.1533686 -2.1403644 -2.1105169 -2.09 -2.0879967 -2.0830222 -2.08 -2.0930805 -2.1378517 -2.1685975 -2.1617722 -2.151823 -2.1418739 -2.1189162 -2.0574723 -2.0051054 -1.9893962 -1.9722562 -1.9502105 -1.9474597 -1.9938444 -2.0124762 -1.9751085 -1.9387588 -1.9073404 -1.8680407 -1.8242503 -1.8071584 -1.8071584 -1.8132512 -1.8312367 -1.8486631 -1.8643723 -1.8840735 -1.914423 -1.9413766 -1.9727334 -2.0333659 -2.0896036 -2.1073701 -2.1280456 -2.1437548 -2.159464 -2.1751731
-2.2213553 -2.2657895 -2.2856878 -2.3105764 -2.3390026 -2.3266812 -2.3266812 -2.3266812 -2.3266812 -2.2932701 -2.1987532 -2.1864663 -2.1814917 -2.1765171 -2.1715426 -2.1691398 -2.1392923 -2.1187754 -2.1187754 -2.1157566 -2.1107821 -2.1218559 -2.1666271 -2.161025 -2.1560504 -2.1510758 -2.1412895 -2.1183319 -2.0586369 -2.0327121 -2.0170029 -1.9998628 -1.9799645 -1.9857451 -2.0433454 -2.0422888 -2.0074668 -1.9755595 -1.9441412 -1.9063559 -1.8592284 -1.849087 -1.849087 -1.8521507 -1.8626235 -1.8766155 -1.8917846 -1.9089969 -1.9299425 -1.9553528 -1.9815348 -2.0422797 -2.0960074 -2.1125893 -2.1289757 -2.1446849 -2.1603941 -2.1761033
-2.1950807 -2.2392967 -2.259195 -2.2677022 -2.2108499 -2.180971 -2.180971 -2.180971 -2.180971 -2.14756 -2.2186479 -2.2659445 -2.26097 -2.2559954 -2.2510208 -2.2492581 -2.2542327 -2.2446159 -2.2399486 -2.234974 -2.2346159 -2.2476965 -2.1828921 -2.1279091 -2.1229345 -2.1179599 -2.1129853 -2.0918391 -2.0983408 -2.1055671 -2.0898579 -2.0727179 -2.0528196 -2.0586001 -2.0497817 -2.0292776 -1.9994301 -1.9692284 -1.9430464 -1.9109447 -1.8952355 -1.8877435 -1.8827689 -1.8837348 -1.8891163 -1.8997945 -1.9050309 -1.9222432 -1.9431888 -1.9685992 -1.9947812 -2.0401498 -2.0761378 -2.0927197 -2.1091061 -2.1248153 -2.1405245 -2.1562337
-2.1998416 -2.2336465 -2.2517458 -2.2267312 -2.1698789 -2.14 -2.14 -2.14 -2.14 -2.1681356 -2.2457566 -2.2930532 -2.2880787 -2.2831041 -2.2781295 -2.2763668 -2.2813414 -2.2832058 -2.2782312 -2.2732566 -2.27 -2.2481992 -2.1747693 -2.1233583 -2.1183838 -2.1134092 -2.1084346 -2.1086634 -2.1235871 -2.1321293 -2.1198652 -2.1044243 -2.0875877 -2.0708125 -2.0603397 -2.0437953 -2.0166113 -1.9882718 -1.9620899 -1.9411621 -1.9254529 -1.9131536 -1.9063631 -1.9042826 -1.9078045 -1.9130409 -1.9182773 -1.9314977 -1.9516743 -1.9726199 -1.9985058 -2.0345629 -2.0705508 -2.0871328 -2.1023461 -2.1144675 -2.1301767 -2.1458859
-2.2084805 -2.2403685 -2.2552922 -2.2282142 -2.1713619 -2.1414829 -2.1414829 -2.14 -2.14 -2.1681356 -2.2477288 -2.2982924 -2.2933178 -2.2898261 -2.2848516 -2.2830889 -2.2880634 -2.2899278 -2.2849533 -2.2799787 -2.2750041 -2.2511355 -2.1814914 -2.1300804 -2.1251058 -2.1201312 -2.1151566 -2.1153855 -2.1303092 -2.1388513 -2.1283785 -2.1163855 -2.1014617 -2.0880128 -2.07754 -2.0639615 -2.0390886 -2.0136771 -1.9874951 -1.9650845 -1.9493753 -1.937076 -1.9271269 -1.9229658 -1.9229658 -1.9235192 -1.9287556 -1.9419759 -1.9576851 -1.9763761 -1.9973217 -2.03308 -2.0690679 -2.0856498 -2.1020363 -2.1128189 -2.1249376 -2.1406467
-2.2165689 -2.2474648 -2.2623885 -2.2353104 -2.1784581 -2.1485792 -2.1485792 -2.1463798 -2.1416421 -2.1681356 -2.2477288 -2.2985792 -2.2985792 -2.2969224 -2.2919478 -2.2901851 -2.2951597 -2.2970241 -2.2920495 -2.287075 -2.2821004 -2.2582317 -2.1885877 -2.1371767 -2.1322021 -2.1272275 -2.1222529 -2.1224817 -2.1374055 -2.1459476 -2.1354748 -2.1234817 -2.108558 -2.0954233 -2.0901869 -2.0787686 -2.0588702 -2.0349659 -2.008784 -1.9852291 -1.9642835 -1.9512686 -1.9413194 -1.9371584 -1.9371584 -1.9336392 -1.9287556 -1.9419759 -1.9576851 -1.9733943 -1.9902254 -2.0259837 -2.0619717 -2.0785536 -2.09494 -2.1106492 -2.1249376 -2.1406467
-2.2314255 -2.2565179 -2.2691064 -2.2420283 -2.2357055 -2.2506449 -2.2506449 -2.2506449 -2.249005 -2.2142895 -2.1735694 -2.2258406 -2.2258406 -2.2241838 -2.2192092 -2.2383236 -2.2912834 -2.2931478 -2.2881732 -2.2847029 -2.2835212 -2.2596525 -2.2158845 -2.218054 -2.2130794 -2.2081048 -2.2031303 -2.2059608 -2.228877 -2.2361034 -2.2216493 -2.207957 -2.1894353 -2.1777215 -2.1611423 -2.1324837 -2.1093858 -2.084748 -2.0554232 -2.00297 -1.9526546 -1.9382189 -1.9282697 -1.9241087 -1.9241087 -1.9276279 -1.9259473 -1.9326868 -1.9470909 -1.9628001 -1.9785093 -2.0090311 -2.0446595 -2.0612415 -2.0764548 -2.08804 -2.1070409 -2.1300525
