mean_models/J1_mean_tot_conduct_slide_29.94.dat.tif
NCOLS 118
NROWS 92
XLLCORNER 139.62
YLLCORNER -39.07
DX 0.099491525
DY 0.099347826
NODATA_VALUE -9999
[rows 0 to 25 of 92, columns 0 to 56 of 118]
-1.9491763 -1.9610088 -2.0704495 -2.1725069 -2.3004246 -2.4108121 -2.5103036 -2.5922003 -2.6537903 -2.6980943 -2.760921 -2.8068066 -2.8866627 -2.9331245 -3.000079 -3.0538206 -3.0637697 -2.9866315 -2.8969305 -2.7958161 -2.6654422 -2.5549972 -2.4594842 -2.4034714 -2.4059272 -2.4239315 -2.5035247 -2.6137421 -2.7033561 -2.7706213 -2.7908609 -2.7723683 -2.6964593 -2.5997187 -2.4781348 -2.3769407 -2.2973475 -2.2666739 -2.2666739 -2.3216492 -2.3949588 -2.479152 -2.5537706 -2.6093494 -2.6500224 -2.6270895 -2.6218531 -2.5842689 -2.5790325 -2.5832316 -2.6198864 -2.7007456 -2.7959091 -2.9027531 -2.9963794 -3.0477503 -3.0751277
-1.8246831 -1.8975116 -2.0024516 -2.1185775 -2.2391994 -2.3436708 -2.4365679 -2.5122023 -2.5780213 -2.6406998 -2.7168853 -2.8243218 -2.9288108 -3.076421 -3.17467 -3.35117 -3.4261094 -3.4065119 -3.337971 -3.3058015 -3.1828039 -3.0903548 -2.9916051 -2.9223339 -2.9125225 -2.8889462 -2.9329934 -3.0138875 -3.0902053 -3.1066422 -3.1154632 -3.0554978 -2.9690281 -2.8393124 -2.7047369 -2.568207 -2.4733689 -2.3943139 -2.3755635 -2.3836411 -2.4351769 -2.4878966 -2.5602818 -2.6503367 -2.7074375 -2.7176561 -2.7860861 -2.8107159 -2.9046618 -2.9567493 -3.0777194 -3.174963 -3.2866475 -3.3858664 -3.4264475 -3.4605554 -3.4183654
-1.7183163 -1.7704058 -1.8698973 -1.9749336 -2.0839005 -2.1747464 -2.2543396 -2.3325895 -2.4036549 -2.4980797 -2.6174696 -2.7590586 -2.9431179 -3.150456 -3.349439 -3.5332624 -3.6626014 -3.7593262 -3.7692754 -3.7522783 -3.662736 -3.5717402 -3.4772233 -3.4002267 -3.3604301 -3.3352845 -3.3551828 -3.3711648 -3.3860885 -3.3804426 -3.3280787 -3.2435386 -3.1092251 -2.9604238 -2.7823863 -2.6107532 -2.4764396 -2.3647943 -2.3071939 -2.2806308 -2.3015763 -2.3471663 -2.4168104 -2.5094807 -2.6142087 -2.7399561 -2.8603932 -3.0098756 -3.1512583 -3.3075677 -3.4541868 -3.573273 -3.6842795 -3.7199153 -3.7289194 -3.6817918 -3.6048986
-1.5568761 -1.5845779 -1.6463647 -1.751401 -1.8306709 -1.9059121 -1.9811331 -2.0677643 -2.1614945 -2.2707439 -2.4498201 -2.5914091 -2.8369302 -3.1138454 -3.3973963 -3.598096 -3.797079 -3.9052173 -3.9599377 -3.9506516 -3.8909567 -3.8014821 -3.716446 -3.6494757 -3.6146536 -3.5873775 -3.5923521 -3.6032271 -3.593278 -3.5797987 -3.49078 -3.3955704 -3.2214603 -3.0721901 -2.8608185 -2.6445953 -2.4453934 -2.3060172 -2.1705906 -2.1103632 -2.0656253 -2.0918407 -2.1311854 -2.2364722 -2.3596298 -2.5452989 -2.7299992 -2.9662034 -3.1760953 -3.411238 -3.6032086 -3.7399525 -3.8581382 -3.8470836 -3.8338957 -3.6820402 -3.5807253
-1.3997641 -1.3819556 -1.4317014 -1.4966953 -1.5711434 -1.6483554 -1.7252997 -1.8312592 -1.9334352 -2.082618 -2.2782662 -2.4897959 -2.7633975 -3.0792973 -3.3679873 -3.6194195 -3.8143956 -3.9573956 -4.0024105 -4.0165164 -3.9510722 -3.8855637 -3.8059705 -3.7517595 -3.7277107 -3.7185709 -3.7410342 -3.7564155 -3.7645144 -3.7452231 -3.6692107 -3.5630216 -3.3976084 -3.2065814 -2.9814163 -2.7555499 -2.5465276 -2.3295363 -2.169534 -2.0097793 -1.9403389 -1.8735391 -1.9033865 -1.9684966 -2.0994065 -2.3083695 -2.5335346 -2.838751 -3.1110436 -3.400776 -3.6521231 -3.8066101 -3.9367648 -3.9091624 -3.8548349 -3.6852943 -3.5021676
-1.2076715 -1.1769087 -1.1918324 -1.2425561 -1.3041461 -1.3813582 -1.4758751 -1.5890988 -1.7312296 -1.9025501 -2.1512789 -2.4061001 -2.7344222 -3.0544603 -3.3579095 -3.6194195 -3.8034788 -3.9387679 -3.9586662 -3.9544241 -3.8748308 -3.7992386 -3.7246199 -3.6710394 -3.6710394 -3.6813154 -3.7410104 -3.7874617 -3.8322329 -3.8445709 -3.7974434 -3.7120433 -3.5727552 -3.3999537 -3.180025 -2.9542456 -2.7204405 -2.4909765 -2.2553387 -2.0656624 -1.8928614 -1.7989614 -1.7293173 -1.7689625 -1.8579812 -2.062888 -2.314235 -2.6371836 -2.9868588 -3.2948695 -3.6024491 -3.7649202 -3.9119278 -3.8677094 -3.7927425 -3.5885231 -3.3779828
-1.0183168 -0.97736385 -0.9823981 -1.0184393 -1.0886397 -1.1733215 -1.2893968 -1.4581303 -1.6445108 -1.8243232 -2.0981693 -2.4134235 -2.7519568 -3.0885839 -3.382076 -3.6028388 -3.723078 -3.8558195 -3.8398132 -3.7636904 -3.658353 -3.5309165 -3.4509338 -3.3866372 -3.4022718 -3.4754286 -3.6072739 -3.6630663 -3.7421825 -3.8420777 -3.8389317 -3.8396248 -3.7430461 -3.6468898 -3.4596023 -3.2762225 -3.0521457 -2.8292985 -2.5689037 -2.3413078 -2.1008118 -1.9442128 -1.8024187 -1.724474 -1.7718467 -1.96996 -2.1842664 -2.500261 -2.8465111 -3.1653247 -3.4946921 -3.6622409 -3.8227702 -3.7764098 -3.6877697 -3.4800112 -3.253798
-0.84646776 -0.78704484 -0.78704484 -0.83140319 -0.90720626 -1.0296009 -1.1639145 -1.3483409 -1.5567993 -1.8162877 -2.1247114 -2.4485038 -2.8016987 -3.1206261 -3.3992024 -3.5917178 -3.6912094 -3.7036161 -3.6286991 -3.5074491 -3.3571709 -3.2253743 -3.1358319 -3.0833245 -3.1289294 -3.2196582 -3.3717243 -3.5482794 -3.703154 -3.8662071 -3.9458542 -4.0198926 -3.9850706 -3.9132051 -3.766586 -3.6465213 -3.4326145 -3.1935169 -2.9107515 -2.6122932 -2.3295278 -2.0798934 -1.9008086 -1.7946167 -1.7893803 -1.9029409 -2.1071604 -2.4050394 -2.7506416 -3.0734336 -3.4033266 -3.5738781 -3.7340402 -3.6787671 -3.5936462 -3.3809351 -3.1721373
-0.71607374 -0.65665082 -0.65665082 -0.70321289 -0.79796672 -0.93037088 -1.104481 -1.2987583 -1.5545937 -1.8243887 -2.1825582 -2.5168054 -2.8789218 -3.2006463 -3.439426 -3.6221045 -3.6320537 -3.622896 -3.4438113 -3.296335 -3.0675045 -2.9149124 -2.8043375 -2.7418163 -2.8114604 -2.9091963 -3.123103 -3.3185375 -3.5722409 -3.7668593 -3.9710787 -4.0788924 -4.1634602 -4.11811 -4.0759906 -3.9948956 -3.8456583 -3.6169152 -3.3446226 -3.0363617 -2.7020822 -2.4276865 -2.1615967 -2.028817 -1.938402 -2.0246643 -2.1692528 -2.4453277 -2.7568508 -3.0622701 -3.3722804 -3.5293589 -3.678157 -3.622884 -3.5377631 -3.3492528 -3.1479893
-0.6760133 -0.62146911 -0.62276087 -0.67820881 -0.77119893 -0.90347335 -1.079477 -1.2981241 -1.5601222 -1.8574073 -2.2230623 -2.5829394 -2.9451476 -3.251957 -3.4725587 -3.6214062 -3.6048784 -3.5386284 -3.3298597 -3.1206902 -2.8643659 -2.6689633 -2.549777 -2.4622515 -2.5318956 -2.6461456 -2.8716601 -3.1063804 -3.383706 -3.6420805 -3.8844918 -4.0818252 -4.2174824 -4.2636186 -4.2579269 -4.2823805 -4.1762665 -4.0022545 -3.7551534 -3.4592168 -3.1289669 -2.815537 -2.5390576 -2.3383649 -2.226801 -2.2469616 -2.3705271 -2.5812764 -2.8766112 -3.1282959 -3.4267704 -3.5565342 -3.6964465 -3.6411734 -3.5642639 -3.3973176 -3.2269117
-0.70148718 -0.66008822 -0.6650628 -0.7198019 -0.80981805 -0.92894029 -1.108025 -1.3202953 -1.5903437 -1.8894196 -2.2625128 -2.6304831 -2.9886526 -3.2888858 -3.4928435 -3.6181104 -3.5783138 -3.4778689 -3.2440638 -2.9967206 -2.7181443 -2.4773562 -2.3281189 -2.2348394 -2.3044835 -2.4121574 -2.6459625 -2.8896236 -3.1831236 -3.4704727 -3.7427653 -3.9906744 -4.1747337 -4.3238316 -4.4023775 -4.4580675 -4.4083218 -4.3093093 -4.0998534 -3.8467363 -3.5273161 -3.2276937 -2.9292191 -2.7160434 -2.5641879 -2.5630662 -2.6416122 -2.8325192 -3.068157 -3.3000395 -3.5409137 -3.6575325 -3.7668865 -3.710975 -3.6398196 -3.4879641 -3.3500901
-0.89397359 -0.85685434 -0.86996769 -0.92470679 -0.9874749 -1.0812082 -1.2135821 -1.4107015 -1.6286354 -1.9182468 -2.2465689 -2.6118554 -2.9514576 -3.2367076 -3.4257415 -3.5498088 -3.5100122 -3.4095673 -3.1757622 -2.928419 -2.6498427 -2.4090546 -2.2563581 -2.1568453 -2.1966419 -2.2961536 -2.4901621 -2.7248316 -2.9835095 -3.265074 -3.5321302 -3.7857002 -4.0045816 -4.1561821 -4.3067767 -4.4276933 -4.4766234 -4.4042572 -4.2923398 -4.0644942 -3.8067319 -3.5262156 -3.264518 -3.0513423 -2.8994868 -2.8848793 -2.9458649 -3.1082422 -3.3165265 -3.5119815 -3.7271908 -3.8150008 -3.909699 -3.8488986 -3.7788802 -3.6636795 -3.5375726
-1.1483035 -1.130353 -1.1488075 -1.19723 -1.2513142 -1.3201484 -1.4391331 -1.5110403 -1.705028 -1.9619832 -2.2903053 -2.5522847 -2.8855813 -3.1254644 -3.3144983 -3.424727 -3.3931032 -3.2926583 -3.0588532 -2.8471554 -2.5685791 -2.361983 -2.2077711 -2.1147394 -2.154536 -2.1919246 -2.3557123 -2.5666318 -2.8253098 -3.0310047 -3.2980609 -3.5097763 -3.7286577 -3.92903 -4.1041625 -4.2583931 -4.3143893 -4.3591417 -4.2695629 -4.1565254 -3.9347029 -3.7311001 -3.4936364 -3.3526835 -3.2023808 -3.1877733 -3.2381412 -3.393052 -3.5667491 -3.7506296 -3.92149 -4.0045185 -4.0622329 -4.0014326 -3.9284454 -3.8132447 -3.720881
-1.4768886 -1.4853052 -1.5151526 -1.5413539 -1.555567 -1.5918229 -1.6316195 -1.7035267 -1.8124936 -1.9862849 -2.2101408 -2.4553616 -2.7190141 -2.9533889 -3.1225245 -3.2322406 -3.2173169 -3.142271 -2.9631863 -2.7645104 -2.5406545 -2.3389522 -2.1946895 -2.096355 -2.1013296 -2.1360414 -2.2504567 -2.3986411 -2.5727512 -2.7610305 -2.9652499 -3.1733285 -3.3872353 -3.6005545 -3.8309559 -4.0161303 -4.1653675 -4.2486173 -4.2695629 -4.2022161 -4.0713062 -3.9012284 -3.717169 -3.5762161 -3.4662518 -3.4580109 -3.5051385 -3.6393991 -3.796491 -3.9568845 -4.1139764 -4.1750685 -4.2236732 -4.1628728 -4.0923768 -3.9981216 -3.9126361
-1.8791508 -1.9117313 -1.9550643 -1.9757628 -1.9582854 -1.9054534 -1.8693777 -1.8775036 -1.8861417 -1.9864837 -2.1011259 -2.3386428 -2.5531308 -2.7056901 -2.8508126 -2.9701643 -2.9795587 -2.9366435 -2.819117 -2.6475534 -2.4818637 -2.281262 -2.1516078 -2.0660104 -2.0454464 -2.0585312 -2.1040301 -2.2067377 -2.2893273 -2.4499507 -2.5846793 -2.7837118 -2.9778195 -3.1971917 -3.4486365 -3.7088963 -3.9258023 -4.0696538 -4.1677015 -4.1702572 -4.106048 -3.9907926 -3.8501582 -3.7335763 -3.6445126 -3.6401237 -3.6872513 -3.8062343 -3.9583252 -4.0930933 -4.2442141 -4.2976173 -4.3458678 -4.2960182 -4.2300694 -4.144786 -4.060406
-2.2490074 -2.3241385 -2.3788588 -2.3821512 -2.3489873 -2.2463366 -2.1717179 -2.0667314 -2.0383053 -2.0005843 -2.0785923 -2.1887745 -2.3479609 -2.447411 -2.5840113 -2.6943927 -2.7120241 -2.711397 -2.6130583 -2.5161134 -2.3692292 -2.2280979 -2.1186572 -2.0447942 -2.0181506 -1.9932778 -2.0204071 -2.0422206 -2.1001023 -2.1640885 -2.2750481 -2.4087207 -2.595993 -2.8126143 -3.0849069 -3.3790435 -3.6227978 -3.8601429 -3.9962892 -4.0901259 -4.0744167 -4.0300771 -3.925611 -3.852281 -3.7842079 -3.7915639 -3.8386915 -3.9497035 -4.0910862 -4.2215466 -4.3524565 -4.4043655 -4.4486422 -4.4025147 -4.3474902 -4.2653473 -4.1799191
-2.6108482 -2.6998826 -2.7794758 -2.7778356 -2.7162457 -2.603631 -2.4344955 -2.2997946 -2.1481884 -2.0668162 -2.0120959 -2.0630857 -2.1227806 -2.1957298 -2.2952213 -2.389726 -2.4394718 -2.4530927 -2.4182706 -2.3505337 -2.2709404 -2.1624207 -2.0927766 -2.0315478 -1.9917512 -1.9601618 -1.9352889 -1.9296264 -1.9147027 -1.9389001 -1.9860276 -2.0908077 -2.2499941 -2.4560151 -2.7440169 -3.0427268 -3.3561251 -3.6181548 -3.8537927 -3.9816927 -4.0550022 -4.0348798 -3.9901086 -3.9304043 -3.8885131 -3.8960085 -3.9380393 -4.0410545 -4.1639413 -4.2919297 -4.4186884 -4.4705974 -4.5148741 -4.476183 -4.4269685 -4.3536589 -4.2726437
-2.797442 -2.9100053 -3.000991 -3.0062211 -2.9397875 -2.8221931 -2.6305932 -2.4121517 -2.222573 -2.1052152 -2.0241791 -1.956463 -1.9986251 -2.0350785 -2.1299409 -2.2129028 -2.2824831 -2.3057924 -2.2897079 -2.2864621 -2.2249454 -2.1940343 -2.1351075 -2.1024549 -2.0613695 -2.0111916 -1.9578388 -1.9355676 -1.9075856 -1.8672837 -1.8983087 -1.9457859 -2.0938745 -2.2724594 -2.5585781 -2.8542594 -3.1755926 -3.468711 -3.7227681 -3.8978394 -3.9961258 -4.0187607 -3.9909766 -3.9634103 -3.9233845 -3.9378002 -3.9723568 -4.0716387 -4.1837957 -4.3071543 -4.428215 -4.4795263 -4.5385381 -4.5023373 -4.4730473 -4.3984166 -4.3165789
-2.9108491 -3.0536327 -3.1531242 -3.1528094 -3.081744 -2.9450316 -2.7261503 -2.5088297 -2.2908959 -2.1036421 -1.9693286 -1.8828286 -1.8878031 -1.9271326 -2.0117004 -2.1025088 -2.182102 -2.2573536 -2.2872011 -2.3135987 -2.298675 -2.2793911 -2.2495436 -2.223335 -2.1785638 -2.1250231 -2.0603536 -1.9876577 -1.9180136 -1.8531497 -1.8426769 -1.8670508 -1.9914152 -2.1682651 -2.4510305 -2.736046 -3.0693426 -3.374091 -3.65162 -3.8480936 -3.9685307 -4.0077142 -3.9927904 -3.9641033 -3.9274485 -3.9354221 -3.9668405 -4.0581385 -4.1681028 -4.2903594 -4.4107965 -4.4814042 -4.5423371 -4.5295045 -4.5012832 -4.4227372 -4.3265408
-2.8735937 -3.0182182 -3.122078 -3.1219683 -3.0603784 -2.9288824 -2.719941 -2.5036989 -2.2905028 -2.1042797 -1.9749407 -1.8890378 -1.9020371 -1.9484396 -2.0578803 -2.1555777 -2.269993 -2.3548338 -2.434427 -2.4722795 -2.502127 -2.4905052 -2.4832065 -2.4719862 -2.4321896 -2.3789096 -2.2993163 -2.2225292 -2.1230377 -2.0500915 -1.9924912 -2.004081 -2.0786997 -2.2489853 -2.4930361 -2.7530707 -3.0465707 -3.344087 -3.5957368 -3.789198 -3.900229 -3.9375885 -3.9182796 -3.8876669 -3.8467284 -3.8523038 -3.8799112 -3.9712091 -4.0811734 -4.2134616 -4.3424949 -4.4283691 -4.4988725 -4.5043998 -4.4827597 -4.4146866 -4.3182318
-2.7533095 -2.8960171 -2.9960557 -2.9971586 -2.9418655 -2.825309 -2.6277407 -2.4822684 -2.2878329 -2.1042797 -1.9790275 -1.9482139 -1.9655753 -2.0484736 -2.1594511 -2.312057 -2.4400066 -2.5435362 -2.6235438 -2.7089167 -2.738837 -2.7740489 -2.7740489 -2.766368 -2.7265714 -2.6795006 -2.5999074 -2.5151108 -2.4156192 -2.3195752 -2.2616085 -2.2353786 -2.3076528 -2.3990355 -2.6264996 -2.8380774 -3.1193487 -3.3369471 -3.5715518 -3.7049997 -3.7953231 -3.7984989 -3.7683883 -3.7119925 -3.6686222 -3.6724804 -3.7009574 -3.7922553 -3.9160585 -4.0522048 -4.2077944 -4.2963582 -4.4058562 -4.4113835 -4.4216592 -4.353586 -4.2695498
-2.5870184 -2.7016084 -2.7911508 -2.8073799 -2.7742161 -2.6850741 -2.5408114 -2.395339 -2.2484706 -2.1268864 -2.0721661 -2.0573715 -2.1270155 -2.2225626 -2.3767745 -2.5293804 -2.6786177 -2.8121466 -2.9215873 -3.0119717 -3.0617175 -3.0981314 -3.103106 -3.0966088 -3.0617868 -3.0147995 -2.9352063 -2.8483107 -2.73887 -2.6381979 -2.559652 -2.5174963 -2.5373946 -2.6050381 -2.7568936 -2.9315495 -3.125558 -3.3089029 -3.4659948 -3.566182 -3.6028367 -3.5871576 -3.5324372 -3.4760414 -3.418441 -3.4211694 -3.4525878 -3.5625888 -3.6987351 -3.8601618 -4.0277265 -4.1537799 -4.2754621 -4.3137468 -4.330364 -4.2727636 -4.1916186
-2.3473563 -2.4492903 -2.528653 -2.5463903 -2.5441478 -2.5206758 -2.4483214 -2.3534342 -2.3021472 -2.219505 -2.2475234 -2.2354937 -2.3415851 -2.4858351 -2.6588401 -2.813052 -2.9670384 -3.0991698 -3.1942105 -3.2810876 -3.3162809 -3.3529461 -3.3523546 -3.3389648 -3.3041428 -3.2598589 -3.1902148 -3.1080775 -3.0185351 -2.9171762 -2.8386303 -2.7835147 -2.7754775 -2.8390993 -2.9310773 -2.9979506 -3.094034 -3.2168419 -3.2647144 -3.3062131 -3.2645808 -3.2088583 -3.1098059 -3.0412245 -2.9703894 -2.9866918 -3.0294537 -3.1686553 -3.3213434 -3.5289259 -3.7153936 -3.8829583 -4.0183677 -4.09575 -4.1267634 -4.1106192 -4.0431437
-2.1669014 -2.2278723 -2.3024909 -2.3362167 -2.3445809 -2.3958311 -2.3493178 -2.3441929 -2.3175539 -2.3264613 -2.3736871 -2.440954 -2.570293 -2.7129787 -2.8802768 -3.0335099 -3.177046 -3.297046 -3.3791926 -3.4421206 -3.4653517 -3.4885466 -3.483572 -3.4464297 -3.407439 -3.3672102 -3.3018874 -3.2374467 -3.1598345 -3.0835816 -3.0168463 -2.9634299 -2.9545737 -2.9670068 -3.0246072 -3.0271944 -3.0928944 -3.0988096 -3.105086 -3.0262011 -2.9495915 -2.8154973 -2.6961075 -2.589311 -2.510765 -2.5285749 -2.5809389 -2.744663 -2.9174641 -3.1499929 -3.3699215 -3.5600194 -3.72569 -3.8187233 -3.8846357 -3.881879 -3.8661698
-2.0068161 -2.0535043 -2.1131992 -2.1650153 -2.2266053 -2.2778555 -2.3176522 -2.3441929 -2.3963075 -2.4444368 -2.5389538 -2.6355674 -2.7798301 -2.9240928 -3.0683555 -3.2073686 -3.3168092 -3.4150216 -3.4597928 -3.4980038 -3.4880546 -3.4853634 -3.4455668 -3.4029651 -3.3532193 -3.3051178 -3.2503974 -3.193982 -3.1442363 -3.0897908 -3.0531361 -3.0193131 -3.0143385 -3.0232079 -3.0389171 -3.0396129 -3.0197146 -2.9870433 -2.8875518 -2.7716223 -2.5935848 -2.4349002 -2.2558154 -2.1350195 -2.0355279 -2.0526447 -2.1207179 -2.2935783 -2.5014451 -2.7456824 -2.9973672 -3.2024832 -3.3966003 -3.5071464 -3.5928014 -3.6189834 -3.6240095
-1.9313066 -1.9659771 -2.0279207 -2.0887246 -2.1775214 -2.2937936 -2.3820475 -2.449556 -2.531783 -2.6024035 -2.7038247 -2.8154179 -2.9388598 -3.0217751 -3.1127305 -3.2184509 -3.2666122 -3.3325105 -3.322449 -3.334127 -3.2834079 -3.2647384 -3.2101947 -3.1298345 -3.0648565 -3.0164625 -2.9694599 -2.9264472 -2.9079795 -2.8773126 -2.8873956 -2.8802524 -2.9139037 -2.9157826 -2.938038 -2.9394296 -2.9070787 -2.8307371 -2.6976265 -2.5298299 -2.3233742 -2.1211574 -1.9239472 -1.7850748 -1.6812548 -1.6978962 -1.7676608 -1.9515011 -2.1633942 -2.4174977 -2.6748269 -2.8869723 -3.0887203 -3.2093204 -3.3091786 -3.3636234 -3.3980346
