mean_models/J1_mean_vp_slide_diff2_200.dat.tif
NCOLS 118
NROWS 92
XLLCORNER 139.62
YLLCORNER -39.07
DX 0.099491525
DY 0.099347826
NODATA_VALUE -9999
[rows 48 to 71 of 92, columns 53 to 105 of 118]
-0.046959348 -0.050900884 -0.043579552 -0.036258219 -0.028936886 -0.021615554 -0.014786239 -0.012797272 -0.013820436 -0.014843599 -0.015866763 -0.016889927 -0.017913091 -0.01395919 -0.0098342715 -0.0057093528 -0.0015844342 0.0025404845 0.0050479566 0.0085191053 0.011990254 0.015461403 0.018932552 0.018542709 0.01365227 0.0084124457 0.0031726212 -0.0020672032 -0.0073070276 -0.0088927784 -0.0087902833 -0.0086877883 -0.0085852932 -0.0084827982 -0.0058435255 -0.013155363 -0.021882084 -0.030608805 -0.039335526 -0.047969072 -0.053570445 -0.059171817 -0.06477319 -0.070374563 -0.077157507 -0.063209364 -0.046809908 -0.030410452 -0.014010996 0.0013699635 0.0029725762 0.0014744328 -2.3710574e-05
-0.037139044 -0.040362729 -0.033041396 -0.025720064 -0.018398731 -0.013154294 -0.01236458 -0.0098273661 -0.0061026521 -0.0065220048 -0.0075451685 -0.0085683323 -0.009591496 -0.0056375954 -0.0015126768 0.0026122419 0.0063687944 0.0076706862 0.0099241686 0.013395317 0.016866466 0.020337615 0.018328682 0.013649056 0.0091976548 0.0044460389 -0.00079378554 -0.00603361 -0.011273434 -0.012859185 -0.01275669 -0.012654195 -0.0125517 -0.011364551 -0.0085177482 -0.0027057537 -0.0074576628 -0.016184384 -0.024911104 -0.03354465 -0.039146023 -0.044747396 -0.050348769 -0.057588277 -0.066656442 -0.052708298 -0.036308842 -0.019909386 -0.0058045497 0.0023022876 0.0039049004 0.002406757 0.00090861358
-0.026600889 -0.029824574 -0.022503241 -0.015181909 -0.01152235 -0.010732636 -0.0099429216 -0.0074057076 -0.0036809937 4.3720317e-05 0.00077642616 -0.00024673758 -0.0012699013 0.0026839993 0.0068089179 0.0099431146 0.011245006 0.012546898 0.014800381 0.018271529 0.021742678 0.018117211 0.013435029 0.0087554027 0.0043040017 -0.00014739934 -0.0047601923 -0.010000017 -0.015239841 -0.016825592 -0.016723097 -0.016441212 -0.015239993 -0.014038774 -0.011191971 -0.0053799764 0.00043201818 -0.0017599623 -0.010486683 -0.019120229 -0.024721602 -0.030322975 -0.038019047 -0.047087212 -0.056155376 -0.042207233 -0.025807777 -0.012979063 -0.0048722256 0.0032346118 0.0048372245 0.0033390811 0.00044677929
-0.016062734 -0.019286419 -0.011965086 -0.0098904051 -0.0091006911 -0.0083109772 -0.0075212632 -0.0049840492 -0.0012593352 0.0024653788 0.0061900928 0.0080748571 0.0070516934 0.011005594 0.013517435 0.014819327 0.016121219 0.01742311 0.019676593 0.022587921 0.017905739 0.013223558 0.0085413758 0.0038617496 -0.00058965145 -0.0050410525 -0.0094924535 -0.013966424 -0.019206248 -0.020791999 -0.020316654 -0.019115435 -0.017914216 -0.016712996 -0.013866194 -0.0080541991 -0.0022422045 0.00356979 0.0039377381 -0.004695808 -0.010297181 -0.018449817 -0.027517981 -0.036586146 -0.045654311 -0.031706168 -0.020153576 -0.012046739 -0.0039399014 0.0041669359 0.0057695487 0.0023668839 -0.0037918405
-0.0055245785 -0.0090481746 -0.0082584607 -0.0074687467 -0.0066790327 -0.0058893187 -0.0050996047 -0.0025623907 0.0011623232 0.0048870372 0.0086117512 0.012336465 0.015373288 0.017091755 0.018393647 0.019695539 0.020997431 0.022299322 0.02237645 0.017694268 0.013012086 0.0083299044 0.0036477227 -0.0010319036 -0.0054833046 -0.0099347056 -0.014386107 -0.018837508 -0.023288909 -0.024192097 -0.022990877 -0.021789658 -0.020588438 -0.019387219 -0.016540416 -0.010728422 -0.0049164272 0.00089556733 0.0067075619 0.0097286133 0.0011194134 -0.0079487514 -0.017016916 -0.026085081 -0.035153246 -0.027328089 -0.019221252 -0.011114415 -0.0030075773 0.0050992601 0.0042869885 -0.0018717359 -0.0080304603
-0.0087782656 -0.0064695749 -0.0056798609 -0.004890147 -0.004100433 -0.003310719 -0.0047738889 -0.0058482162 -0.0037565981 -3.1884093e-05 0.0036928299 0.0074175439 0.011142258 0.012524635 0.013826527 0.015128419 0.016430311 0.015312925 0.011047021 0.0063648391 0.0016826573 -0.0029995244 -0.0076048595 -0.0073182652 -0.01237154 -0.016822941 -0.021274342 -0.025725743 -0.030177144 -0.030762229 -0.02956101 -0.028359791 -0.027158571 -0.024210168 -0.019861418 -0.017182548 -0.011370553 -0.0055585587 0.00025343588 0.0056218141 -0.0034463507 -0.012514516 -0.02158268 -0.030650845 -0.034914453 -0.027918072 -0.019811235 -0.011704397 -0.0035975599 0.0032334931 0.0010407443 -0.0051179801 -0.011276705
-0.0061734088 -0.0038647181 -0.0030750041 -0.0022852902 -0.0014955762 -0.003721615 -0.0064697131 -0.0075440404 -0.0074809699 -0.0061789228 -0.0024542089 0.0012705051 0.0049952191 0.0063775965 0.0076794883 0.0089813802 0.0068473448 0.0029067568 -0.001359147 -0.0060413287 -0.01072351 -0.014462808 -0.014116246 -0.013829651 -0.018898651 -0.02396765 -0.028496281 -0.032947682 -0.037399083 -0.037984168 -0.036782949 -0.03558173 -0.031865561 -0.025563242 -0.021214492 -0.020385897 -0.018457077 -0.012645082 -0.0068330878 -0.0014647095 -0.010532874 -0.019601039 -0.028669204 -0.032329009 -0.035759125 -0.028762744 -0.020655907 -0.01254907 -0.0059731034 0.00015327857 -0.0020394703 -0.0081981947 -0.014356919
-0.003568552 -0.0012598613 -0.00047014733 7.8756905e-05 -0.0026693412 -0.0054174392 -0.0081655373 -0.0092398646 -0.0091767941 -0.0091137236 -0.0086012476 -0.0048765336 -0.0011518196 0.00023055776 0.0015324496 -0.001618235 -0.005558823 -0.0094994109 -0.013765315 -0.018447496 -0.021320756 -0.020974194 -0.020627632 -0.020341037 -0.025410037 -0.030479036 -0.035548036 -0.040169621 -0.044621022 -0.045206108 -0.044004888 -0.039520954 -0.033218635 -0.026916316 -0.022567567 -0.021738971 -0.020910376 -0.019731606 -0.013919611 -0.0085512332 -0.017619398 -0.026313448 -0.029743565 -0.033173681 -0.036603798 -0.029607417 -0.02150058 -0.0151797 -0.009053318 -0.002926936 -0.0051196848 -0.011278409 -0.01488812
-0.00096369519 0.0013449955 0.0011310308 -0.0016170673 -0.0043651654 -0.0071132634 -0.0098613615 -0.010935689 -0.010872618 -0.010809548 -0.010746477 -0.010683407 -0.0072988584 -0.0061432268 -0.010083815 -0.014024403 -0.017964991 -0.021905579 -0.026171483 -0.028178704 -0.027832142 -0.02748558 -0.027139018 -0.026852424 -0.031921423 -0.036990422 -0.042059422 -0.047128421 -0.051842961 -0.052428047 -0.047176347 -0.040874028 -0.034571709 -0.02826939 -0.023920641 -0.023092045 -0.02226345 -0.021434854 -0.020606259 -0.015637757 -0.023728004 -0.02715812 -0.030588237 -0.034018354 -0.03744847 -0.030512679 -0.024386297 -0.018259915 -0.012133533 -0.0060071505 -0.0081998994 -0.011520262 -0.014290305
-0.0005551786 0.00089856308 -0.0018655282 -0.0046136263 -0.0073617243 -0.010109822 -0.01285792 -0.014351948 -0.014288877 -0.014225807 -0.014162736 -0.014099666 -0.014036595 -0.015033033 -0.018973621 -0.022914209 -0.026854797 -0.030795385 -0.032855323 -0.032508761 -0.032162199 -0.031815637 -0.031469075 -0.032259463 -0.03632983 -0.041398829 -0.046467828 -0.051536828 -0.056605827 -0.053897 -0.047594681 -0.041292362 -0.034990043 -0.028687724 -0.024068775 -0.023240179 -0.022411584 -0.021582988 -0.020754393 -0.020052761 -0.023482877 -0.026912994 -0.030343111 -0.033773227 -0.036338061 -0.033151345 -0.027024963 -0.020898581 -0.014772199 -0.0086458173 -0.0087487958 -0.011518839 -0.014288882
-0.0076481718 -0.0061944302 -0.0092211045 -0.012052791 -0.01480089 -0.017548988 -0.020297086 -0.022259338 -0.023581211 -0.02351814 -0.02345507 -0.023391999 -0.023328929 -0.017303988 -0.015853437 -0.019794024 -0.023734612 -0.0276752 -0.029735139 -0.029388577 -0.029042015 -0.028695453 -0.03033338 -0.034085918 -0.035243023 -0.038624596 -0.043693596 -0.048762595 -0.053831594 -0.051122767 -0.044820448 -0.038518129 -0.03221581 -0.033897363 -0.032045194 -0.020213962 -0.018444294 -0.017615698 -0.016787103 -0.016085471 -0.019515588 -0.022945704 -0.026375821 -0.028228665 -0.026252491 -0.029310295 -0.028155542 -0.02202916 -0.015902778 -0.0097763955 -0.010226747 -0.013554365 -0.016324408
-0.014741165 -0.013287423 -0.016314098 -0.019340772 -0.022240055 -0.024988153 -0.027736251 -0.029698503 -0.031126739 -0.032554976 -0.032747403 -0.032684332 -0.032621262 -0.026596322 -0.020366524 -0.01667384 -0.020614428 -0.024555016 -0.026614955 -0.026268393 -0.025921831 -0.028378235 -0.032159835 -0.035912372 -0.037069477 -0.038226583 -0.040919363 -0.045988362 -0.051057361 -0.048348534 -0.042046215 -0.035743896 -0.039184138 -0.042870017 -0.041017848 -0.029186616 -0.017355384 -0.013648409 -0.012819813 -0.012118181 -0.015548298 -0.018978414 -0.02011927 -0.018143095 -0.01616692 -0.019224725 -0.022818665 -0.023159738 -0.017033356 -0.010906974 -0.011357325 -0.014943 -0.018359935
-0.021834158 -0.020380417 -0.023407091 -0.026433765 -0.02946044 -0.032427318 -0.035175416 -0.037137668 -0.038565904 -0.039994141 -0.041422377 -0.041976666 -0.041913595 -0.035888655 -0.029658857 -0.02342906 -0.017494244 -0.021434832 -0.023494771 -0.023148209 -0.026423091 -0.03020469 -0.033986289 -0.037738827 -0.038895932 -0.040053037 -0.041210142 -0.043214129 -0.048283129 -0.045574301 -0.040785033 -0.044470912 -0.048156792 -0.051842671 -0.049990502 -0.03815927 -0.026328038 -0.014496806 -0.0088525233 -0.0081508912 -0.011581008 -0.012009874 -0.010033699 -0.0080575242 -0.0060813494 -0.0091391541 -0.012733094 -0.016327034 -0.018163934 -0.012037552 -0.012487903 -0.016073578 -0.019659253
-0.024997948 -0.02747341 -0.030500084 -0.033526759 -0.036553433 -0.039580107 -0.042606782 -0.044576833 -0.04600507 -0.047433306 -0.048861542 -0.050289779 -0.051205929 -0.045180988 -0.038951191 -0.032721393 -0.026491596 -0.020261798 -0.020686347 -0.024467946 -0.028249545 -0.032031145 -0.035812744 -0.039565281 -0.040722386 -0.041879492 -0.043036597 -0.044193702 -0.045508896 -0.046071808 -0.049757687 -0.053443567 -0.057129446 -0.060815325 -0.058963156 -0.047131924 -0.035300692 -0.02346946 -0.011638228 -0.0041836013 -0.0039004781 -0.0019243033 5.1871474e-05 0.0020280463 0.0040042211 0.00094641648 -0.0026475235 -0.0062414636 -0.0098354036 -0.01316813 -0.013618482 -0.017204156 -0.020789831
-0.024407506 -0.029156223 -0.028079313 -0.031105988 -0.034132662 -0.037159336 -0.040186011 -0.037710175 -0.037069796 -0.038498032 -0.039926269 -0.041354505 -0.042782742 -0.04806824 -0.041838443 -0.035608645 -0.029378848 -0.02314905 -0.021310964 -0.025092563 -0.028874163 -0.032655762 -0.036437361 -0.035605985 -0.040506287 -0.041663392 -0.042820497 -0.043977602 -0.045134708 -0.04802146 -0.051707339 -0.055393219 -0.059079098 -0.061571004 -0.055476136 -0.043782936 -0.031951704 -0.020120473 -0.0082892407 0.0032481862 0.005224361 0.0072005358 0.0091767106 0.011152885 0.0075718211 0.0047995421 0.0012056021 -0.002388338 -0.005982278 -0.009576218 -0.01321792 -0.016811166 -0.020396841
-0.025792194 -0.030540911 -0.027175965 -0.024548148 -0.027574822 -0.030601497 -0.033628171 -0.031152336 -0.024937313 -0.02244232 -0.023870556 -0.025298793 -0.026727029 -0.033550897 -0.040560165 -0.035710642 -0.029480845 -0.023251047 -0.021412961 -0.02519456 -0.02897616 -0.032511013 -0.030742275 -0.029057197 -0.034843662 -0.040559086 -0.041716191 -0.042873296 -0.044030401 -0.046917154 -0.050603033 -0.054288912 -0.055590048 -0.052513132 -0.046418263 -0.034885318 -0.02324464 -0.011413408 0.00041782351 0.01195525 0.013931425 0.0159076 0.017883775 0.013245813 0.0071967279 0.0045554313 0.0022770753 -0.0012453964 -0.0048393364 -0.0084332765 -0.012074979 -0.015739451 -0.019341325
-0.027176882 -0.031925599 -0.028560653 -0.025195708 -0.021830762 -0.024043657 -0.027070331 -0.024594496 -0.018379474 -0.012164451 -0.0078148436 -0.00924308 -0.010671316 -0.017495184 -0.024504453 -0.031513721 -0.029582842 -0.023353044 -0.021514958 -0.025296558 -0.027730964 -0.025962225 -0.024193487 -0.02250841 -0.028294874 -0.034081339 -0.039867804 -0.04176899 -0.042926095 -0.045812847 -0.049498727 -0.049609092 -0.046532175 -0.043455259 -0.037360391 -0.025827446 -0.014294501 -0.0027063441 0.0091248878 0.020662315 0.022638489 0.024614664 0.018919804 0.012870719 0.0068216346 0.004180338 0.0019019821 -0.00037637384 -0.0036963949 -0.0072903349 -0.010932037 -0.014596509 -0.018260981
-0.02856157 -0.033310287 -0.029945341 -0.026580396 -0.02321545 -0.019850505 -0.020512492 -0.018036657 -0.011821634 -0.0056066118 0.00060841055 0.0068126325 0.0053843962 -0.0014394717 -0.0084487401 -0.015458009 -0.022467277 -0.023455042 -0.021616955 -0.022950914 -0.021182176 -0.019413437 -0.017644699 -0.015959622 -0.021746086 -0.027532551 -0.033319016 -0.03910548 -0.041821789 -0.044708541 -0.043628135 -0.040551219 -0.037474303 -0.034397387 -0.028302518 -0.016769573 -0.0052366281 0.0062963169 0.017831952 0.029369379 0.03064288 0.024593796 0.018544711 0.012495626 0.0064465414 0.0038052448 0.0015268889 -0.00075146708 -0.003029823 -0.0061473934 -0.0097890956 -0.013453567 -0.017118039
-0.032890056 -0.034085488 -0.030720542 -0.027355597 -0.023990651 -0.020625706 -0.01726076 -0.014647691 -0.0084326685 -0.0022176461 0.0039973763 0.010212399 0.016427421 0.0098574604 0.002848192 -0.0041610764 -0.011170345 -0.018179613 -0.018594977 -0.016826239 -0.015057501 -0.013288763 -0.011520024 -0.011280439 -0.014775255 -0.02056172 -0.026348184 -0.032134649 -0.037921114 -0.037645146 -0.03456823 -0.031491314 -0.028414398 -0.025337482 -0.021261178 -0.0097282333 0.0018047117 0.013337657 0.024870602 0.035879381 0.029830296 0.023781211 0.017732126 0.011683042 0.0052992537 0.0023122537 3.3897789e-05 -0.0022444581 -0.0045228141 -0.00680117 -0.009950978 -0.01361545 -0.017279922
-0.034794744 -0.031829188 -0.028464243 -0.025099297 -0.021734352 -0.018346902 -0.014493382 -0.016533972 -0.020805226 -0.014590204 -0.0083751812 -0.0021601588 0.0040548636 -0.0025150971 -0.0095243655 -0.016533634 -0.023542902 -0.018958444 -0.01457978 -0.012811041 -0.011042303 -0.0092735649 -0.010738023 -0.016716311 -0.010168642 -0.011491705 -0.017278169 -0.023064634 -0.028851099 -0.028575131 -0.025498215 -0.022421299 -0.019344383 -0.015702999 -0.013046164 -0.012539883 -0.0011838917 0.010349053 0.021881998 0.032890777 0.026841692 0.020792608 0.014743523 0.0078867284 -0.0017540004 -0.0047410004 -0.0070193563 -0.0092977122 -0.011567645 -0.013498164 -0.016602867 -0.020267339 -0.023931811
-0.032538445 -0.029572889 -0.026207943 -0.022842998 -0.019336996 -0.015483477 -0.011629957 -0.013670547 -0.019716434 -0.02576232 -0.020747739 -0.014532716 -0.0083176939 -0.014887655 -0.021896923 -0.027779824 -0.021361536 -0.014943247 -0.010564582 -0.0087958438 -0.0070271056 -0.01005535 -0.016173894 -0.022152182 -0.015604514 -0.0090568451 -0.0082081542 -0.013994619 -0.019781084 -0.019505117 -0.0164282 -0.013351284 -0.0095737214 -0.0057233994 -0.0030665641 -0.0025602836 -0.0020540032 0.00736045 0.018893395 0.029902174 0.023853089 0.017804004 0.010474203 0.00083347432 -0.0088072545 -0.011794254 -0.01407261 -0.016289016 -0.018219534 -0.020150053 -0.023254756 -0.026919228 -0.030277606
-0.030282145 -0.027316589 -0.023951644 -0.020327091 -0.016473571 -0.012620051 -0.0087665314 -0.010807122 -0.016853008 -0.022898895 -0.028944782 -0.026905274 -0.020690251 -0.027260212 -0.030182916 -0.023764627 -0.017346338 -0.010928049 -0.0065493844 -0.0047806462 -0.0093726765 -0.015491221 -0.021609766 -0.027588054 -0.021040385 -0.014492717 -0.0079450479 -0.0049246039 -0.010711069 -0.010435102 -0.007294766 -0.0034444439 0.0004058781 0.0042562001 0.0069130354 0.0074193159 0.0079255964 0.0084318768 0.015904792 0.02691357 0.020864486 0.013061678 0.003420949 -0.0062197798 -0.015860509 -0.018847509 -0.021010387 -0.022940905 -0.024871423 -0.026801941 -0.029906645 -0.032670268 -0.030903497
-0.028025846 -0.02506029 -0.021317186 -0.017463666 -0.013610146 -0.0097566263 -0.0059031063 -0.0079436965 -0.013989583 -0.02003547 -0.026081357 -0.032127244 -0.033062809 -0.032586007 -0.026167718 -0.019749429 -0.01333114 -0.0069128517 -0.0025714588 -0.0086900034 -0.014808548 -0.020927093 -0.027045637 -0.033023925 -0.026476257 -0.019928588 -0.013380919 -0.0068332507 -0.0016410536 -0.0011654885 0.0026848336 0.0065351556 0.010385478 0.0142358 0.016892635 0.017398915 0.017905196 0.018411476 0.018917757 0.023924967 0.015649153 0.0060084237 -0.0036323051 -0.013273034 -0.022913763 -0.025731757 -0.027662276 -0.029592794 -0.031523312 -0.03345383 -0.035062929 -0.033296159 -0.031529388
-0.026591894 -0.024641682 -0.023733566 -0.019880046 -0.016026526 -0.012173006 -0.0083194861 -0.0045791517 -0.0085351751 -0.014581062 -0.020626949 -0.026672835 -0.032718722 -0.034217735 -0.027799446 -0.021381158 -0.014962869 -0.00854458 -0.0076258391 -0.013744384 -0.019862928 -0.025981473 -0.032100017 -0.031291564 -0.027212001 -0.020664333 -0.014116664 -0.0075689951 -0.0010213265 0.0036813939 0.0075317159 0.011382038 0.01523236 0.018551232 0.018157048 0.018321493 0.018827774 0.019334054 0.019840335 0.020044106 0.010403378 0.00076264886 -0.00887808 -0.018518809 -0.025114838 -0.030791854 -0.032722372 -0.03465289 -0.036583409 -0.038513927 -0.03299288 -0.030885496 -0.029118725
