mean_models/J1_mean_tot_conduct_slide_195.49.dat.tif
NCOLS 118
NROWS 92
XLLCORNER 139.62
YLLCORNER -39.07
DX 0.099491525
DY 0.099347826
NODATA_VALUE -9999
[rows 50 to 74 of 92, columns 0 to 57 of 118]
-2.1906701 -2.1659302 -2.1248998 -2.0695777 -2.0065645 -1.9411533 -1.8715092 -1.8078034 -1.7509511 -1.7018863 -1.6721391 -1.6540967 -1.6565818 -1.6731581 -1.7127483 -1.7721297 -1.8493944 -1.9249495 -2.0267751 -2.1357539 -2.2482942 -2.3236925 -2.3755457 -2.4695584 -2.5220973 -2.5664363 -2.5957618 -2.6583592 -2.7796601 -2.823262 -2.8337348 -2.8423296 -2.8448261 -2.8639117 -2.8021526 -2.7031417 -2.6981671 -2.6930848 -2.6846533 -2.6426551 -2.5986885 -2.5740899 -2.5541916 -2.5275912 -2.4936944 -2.3866561 -2.4139905 -2.3825231 -2.3299555 -2.2644663 -2.2016296 -2.0832517 -1.9857799 -1.9501193 -1.9286739 -1.9264601 -1.950849 -2.018375
-2.191627 -2.1635877 -2.1237911 -2.0712414 -2.0096515 -1.9442402 -1.8745962 -1.8152891 -1.7588931 -1.7168623 -1.6933275 -1.680408 -1.6903572 -1.7250427 -1.7778715 -1.8388588 -1.9192736 -2.0066423 -2.1111084 -2.2110618 -2.312758 -2.4186775 -2.5281182 -2.6068106 -2.6534813 -2.6937652 -2.7203852 -2.755436 -2.8090297 -2.85 -2.8582493 -2.8634458 -2.8627174 -2.8071955 -2.6396309 -2.5385225 -2.5332178 -2.5216725 -2.5106533 -2.4872445 -2.4558262 -2.4288 -2.4089017 -2.3871565 -2.3557381 -2.3879092 -2.4402731 -2.4225078 -2.3701439 -2.3209881 -2.2581513 -2.1656067 -2.0685022 -2.0408657 -2.0182472 -2.0130108 -2.0192954 -2.0640779
-2.2181198 -2.1895461 -2.1447749 -2.091111 -2.029521 -1.9641098 -1.8944657 -1.8351586 -1.7877817 -1.7499782 -1.7350545 -1.728287 -1.7481853 -1.7846514 -1.8542955 -1.9249603 -2.0095281 -2.0993669 -2.203833 -2.3037864 -2.3933288 -2.4895161 -2.5790585 -2.6531729 -2.6879949 -2.720258 -2.7351817 -2.7620592 -2.811805 -2.85 -2.85 -2.8501994 -2.8452248 -2.787326 -2.6197613 -2.5186529 -2.5087038 -2.4951798 -2.4742342 -2.4473058 -2.410651 -2.3819204 -2.3570475 -2.3354087 -2.3144631 -2.351445 -2.4195181 -2.408896 -2.376767 -2.3377974 -2.2978904 -2.2103659 -2.1214877 -2.0938512 -2.0712327 -2.0659963 -2.0722809 -2.1036993
-2.243194 -2.2175823 -2.1751685 -2.1205553 -2.0589653 -1.9959143 -1.9292293 -1.8721216 -1.8278646 -1.7954766 -1.7876745 -1.7847041 -1.8086054 -1.8533639 -1.9266705 -2.0011324 -2.0857002 -2.1749332 -2.2756351 -2.3695716 -2.4438537 -2.5333961 -2.6159494 -2.6729706 -2.6999591 -2.7280227 -2.7389788 -2.7617076 -2.8074349 -2.8420491 -2.8340421 -2.8272455 -2.8114105 -2.7525624 -2.5872885 -2.4808188 -2.4579823 -2.4413547 -2.4172442 -2.3884172 -2.3517625 -2.3309172 -2.3131675 -2.3027649 -2.290911 -2.340349 -2.4138225 -2.4220161 -2.395907 -2.3778829 -2.3446462 -2.2635535 -2.1769556 -2.149319 -2.1243545 -2.1108256 -2.1105268 -2.1272514
-2.2404348 -2.2216312 -2.1818346 -2.1292849 -2.0676949 -2.0339917 -1.9693222 -1.9148797 -1.8722405 -1.8233502 -1.8183756 -1.8253545 -1.8552019 -1.8950691 -1.9696877 -2.0619716 -2.1467599 -2.2266625 -2.3257019 -2.4086468 -2.4776599 -2.547304 -2.616948 -2.6697616 -2.6939508 -2.7120652 -2.7214569 -2.7353086 -2.7787614 -2.8083352 -2.7975478 -2.7789643 -2.759066 -2.6919741 -2.5296458 -2.4313283 -2.4014808 -2.3731414 -2.3469594 -2.3318276 -2.2951728 -2.2824797 -2.2725306 -2.2748913 -2.2748913 -2.3067417 -2.390524 -2.4089726 -2.3984998 -2.3868231 -2.3711139 -2.3189339 -2.2368331 -2.2077497 -2.1780929 -2.1605542 -2.1400308 -2.1505036
-2.160786 -2.1461472 -2.1212743 -2.0871186 -2.1060693 -2.087707 -2.028012 -1.9744884 -1.9318492 -1.8814224 -1.8167529 -1.8054849 -1.8353324 -1.8751205 -1.9348154 -2.0222325 -2.1515715 -2.2465321 -2.3161761 -2.3887773 -2.4335485 -2.4943185 -2.5639625 -2.6167761 -2.6267253 -2.6392101 -2.6392101 -2.6492071 -2.67408 -2.695741 -2.6800318 -2.6595407 -2.6247187 -2.5528871 -2.4271344 -2.3376696 -2.297873 -2.2671704 -2.2409884 -2.2358234 -2.2515326 -2.249313 -2.2642367 -2.2739319 -2.2947609 -2.29828 -2.3110457 -2.3389405 -2.3455143 -2.3395063 -2.3313748 -2.3354158 -2.3096882 -2.2765243 -2.2443248 -2.20767 -2.1796466 -2.1482283
-2.1478368 -2.1349443 -2.1156979 -2.1205968 -2.1467083 -2.1358156 -2.0805438 -2.0384958 -2.0012115 -1.9507848 -1.8828955 -1.8441371 -1.8739845 -1.9137727 -1.9719594 -2.0475569 -2.1703541 -2.2810321 -2.3478632 -2.4030454 -2.4451053 -2.4901011 -2.5571356 -2.6028051 -2.6115003 -2.6137715 -2.6102464 -2.6167506 -2.639319 -2.6465454 -2.6236912 -2.5842146 -2.5416399 -2.4600832 -2.3325615 -2.2400682 -2.1983227 -2.1611994 -2.1395525 -2.139606 -2.1662765 -2.1900666 -2.2161756 -2.2581566 -2.2882543 -2.2986424 -2.3184083 -2.3326144 -2.3471923 -2.3450425 -2.3443841 -2.3493216 -2.3484056 -2.314654 -2.276419 -2.2371917 -2.1950017 -2.1565471
-2.1572494 -2.1556144 -2.1406907 -2.1539068 -2.1870706 -2.1913983 -2.1416525 -2.1026045 -2.0694407 -2.0171229 -1.9425042 -1.9037458 -1.9335932 -1.9672246 -2.0219449 -2.0960424 -2.2154322 -2.311661 -2.3713559 -2.4220297 -2.4568517 -2.4989407 -2.5586356 -2.6 -2.6048771 -2.6044449 -2.5991737 -2.5941992 -2.6083263 -2.6023947 -2.5595825 -2.5056102 -2.4459153 -2.3626236 -2.2317136 -2.1356229 -2.0908517 -2.062537 -2.0468278 -2.0618898 -2.0985446 -2.1431144 -2.1779364 -2.2244175 -2.271545 -2.3075959 -2.3337779 -2.3534759 -2.3691851 -2.3715 -2.3715 -2.373 -2.3713475 -2.3300235 -2.2859233 -2.2378149 -2.1830415 -2.1306775
-2.1703756 -2.1703226 -2.1603735 -2.1782543 -2.2351066 -2.2461042 -2.2063075 -2.1702351 -2.1465467 -2.0958257 -2.0062833 -1.9633545 -1.9883965 -2.0198965 -2.0646677 -2.1356756 -2.2500908 -2.3446117 -2.3893829 -2.4352718 -2.4651193 -2.5055639 -2.5607076 -2.6 -2.6 -2.5978217 -2.582898 -2.5743296 -2.569355 -2.5560324 -2.4879593 -2.4253353 -2.3457421 -2.2566525 -2.120648 -2.0230287 -1.9782575 -1.9519058 -1.9519058 -1.9725465 -2.0249105 -2.0789288 -2.1435983 -2.1959407 -2.2582987 -2.2983879 -2.3337779 -2.3559679 -2.3758083 -2.3781232 -2.3781232 -2.3830607 -2.3845938 -2.3348481 -2.2859233 -2.2230865 -2.1625885 -2.089279
-2.2302017 -2.2476266 -2.2448155 -2.2739572 -2.3217836 -2.3251817 -2.2877713 -2.2576519 -2.2365104 -2.2124033 -2.1617036 -2.1114367 -2.1363096 -2.1678096 -2.2125808 -2.2541401 -2.3183082 -2.4078421 -2.4462307 -2.4834807 -2.5068439 -2.5439583 -2.5728431 -2.5321482 -2.5288043 -2.5247493 -2.5098255 -2.5040077 -2.5162608 -2.4901678 -2.4083723 -2.3295677 -2.2377856 -2.1394537 -2.027357 -1.9700399 -1.9226198 -1.8984224 -1.9010145 -1.8931331 -1.9179467 -1.9834853 -2.0517577 -2.1214538 -2.1876905 -2.2962766 -2.3550209 -2.3836917 -2.4053917 -2.4084783 -2.4084783 -2.3184883 -2.3220818 -2.2768988 -2.2242204 -2.1613836 -2.0919635 -2.0124529
-2.2930231 -2.3200324 -2.3299816 -2.3576574 -2.395559 -2.4044353 -2.3696133 -2.3462678 -2.327317 -2.3062728 -2.2814 -2.2722338 -2.2971067 -2.3258675 -2.3706387 -2.4053502 -2.4401723 -2.4749943 -2.5098163 -2.5373865 -2.5572848 -2.5540127 -2.4992924 -2.4585975 -2.4536229 -2.441872 -2.4269125 -2.4210947 -2.440993 -2.4280446 -2.3390259 -2.2423213 -2.1428298 -2.051375 -1.9885382 -1.9284819 -1.8787362 -1.8516108 -1.8568472 -1.8529447 -1.8372355 -1.8818476 -1.9564663 -2.0358016 -2.1091111 -2.2211317 -2.3520416 -2.403112 -2.4298919 -2.4345217 -2.433451 -2.3393386 -2.2430528 -2.1988344 -2.1477059 -2.0848691 -2.0127098 -1.9289275
-2.3128927 -2.3408566 -2.3557803 -2.3872108 -2.4440631 -2.4584796 -2.4385813 -2.4191229 -2.4001721 -2.3791279 -2.3495292 -2.3384657 -2.3539886 -2.378853 -2.414376 -2.4443803 -2.4642786 -2.4948639 -2.5206411 -2.5440097 -2.5594364 -2.5540127 -2.4992924 -2.4585975 -2.449253 -2.4352488 -2.4103759 -2.4012251 -2.4040507 -2.3816823 -2.2790288 -2.1760894 -2.0625984 -1.9652735 -1.8925083 -1.8291341 -1.7793884 -1.7524101 -1.7628829 -1.7633195 -1.7737922 -1.8241143 -1.9086821 -1.9927929 -2.0759952 -2.1880157 -2.3189256 -2.3719808 -2.4033992 -2.4055715 -2.4003351 -2.309153 -2.2165601 -2.1649343 -2.1079668 -2.0363256 -1.9597243 -1.871067
-2.3204789 -2.3670031 -2.386889 -2.4263485 -2.4874528 -2.5152311 -2.4975886 -2.4803295 -2.4637953 -2.4392342 -2.4065292 -2.3920504 -2.405676 -2.4205955 -2.4494992 -2.4762916 -2.4901699 -2.5085131 -2.5272642 -2.5476244 -2.5594364 -2.5540127 -2.4982485 -2.452579 -2.4426298 -2.4272739 -2.3991368 -2.3768656 -2.3669203 -2.3379729 -2.2266447 -2.1169087 -1.9995767 -1.8987817 -1.8222973 -1.752866 -1.7031202 -1.6781492 -1.688622 -1.7043491 -1.7187995 -1.773136 -1.8577038 -1.944861 -2.0302129 -2.1421487 -2.2719618 -2.3270243 -2.3584427 -2.3630725 -2.3579872 -2.2734283 -2.180101 -2.1159632 -2.0566496 -1.9833401 -1.905093 -1.8160742
-2.3366485 -2.3889234 -2.4187708 -2.4712049 -2.5375325 -2.5417673 -2.5268436 -2.514728 -2.5005149 -2.4790168 -2.4441947 -2.4222631 -2.4322122 -2.4458926 -2.4707655 -2.5168423 -2.5267915 -2.5382957 -2.5532194 -2.5666389 -2.5765881 -2.5661898 -2.5064948 -2.4719775 -2.4620284 -2.4417159 -2.4118685 -2.3859235 -2.3709998 -2.3160092 -2.2008084 -2.0816986 -1.9623088 -1.8534782 -1.7696959 -1.695308 -1.6455623 -1.618113 -1.6285858 -1.6430737 -1.6640193 -1.7102375 -1.7948053 -1.8745277 -1.9635464 -2.0771994 -2.2028729 -2.2653649 -2.2967832 -2.301413 -2.301413 -2.2174746 -2.1354053 -2.0690776 -2.002425 -1.9291154 -1.8521075 -1.7630887
-2.3962572 -2.4493562 -2.4841783 -2.5253771 -2.5016887 -2.4823811 -2.472432 -2.4627027 -2.4532274 -2.4326544 -2.3886417 -2.3626544 -2.368059 -2.3796607 -2.3910526 -2.4395441 -2.5688831 -2.6111508 -2.6260745 -2.639494 -2.6494431 -2.6390448 -2.6179625 -2.6044413 -2.5902527 -2.5672188 -2.5224476 -2.4918946 -2.4273179 -2.3425019 -2.2184722 -2.094945 -1.9710191 -1.8601014 -1.756984 -1.6754385 -1.615824 -1.5849804 -1.5902168 -1.5984402 -1.5670218 -1.602652 -1.6772706 -1.7480813 -1.8178363 -1.9411598 -2.1034881 -2.166017 -2.1974354 -2.2020652 -2.2020652 -2.1321261 -2.0691734 -2.006419 -1.9428163 -1.8737785 -1.799122 -1.7622935
-2.4238541 -2.4886751 -2.5234971 -2.52408 -2.498396 -2.4810964 -2.4732725 -2.4657427 -2.4585534 -2.4348428 -2.3873446 -2.3596497 -2.3634565 -2.3651133 -2.3722337 -2.4207253 -2.5500642 -2.6420812 -2.6540745 -2.6659897 -2.6729576 -2.6756398 -2.6607161 -2.6457924 -2.6308686 -2.6078347 -2.5630636 -2.5117881 -2.4403542 -2.3542223 -2.2317186 -2.1081914 -1.9866133 -1.8687554 -1.7625705 -1.6738015 -1.6141066 -1.5746624 -1.5729052 -1.5544975 -1.5193624 -1.5418825 -1.6118793 -1.6796436 -1.7462776 -1.8706576 -2.0310533 -2.0935823 -2.1250006 -2.1296304 -2.1296304 -2.0748653 -2.0124634 -1.9602668 -1.9025294 -1.8477061 -1.7977373 -1.7776775
-2.4503468 -2.5151678 -2.5499899 -2.5478004 -2.5193742 -2.5009659 -2.4959913 -2.4911267 -2.486389 -2.4657413 -2.4159956 -2.3833261 -2.3833261 -2.3838742 -2.3888487 -2.4328629 -2.5622019 -2.6531102 -2.6630593 -2.6715042 -2.6764788 -2.6756398 -2.6607161 -2.6457924 -2.6308686 -2.6089434 -2.5641723 -2.5151142 -2.4454702 -2.366389 -2.2459519 -2.1269812 -2.0075914 -1.8913247 -1.7813603 -1.6914827 -1.6317878 -1.5901261 -1.5796533 -1.5489831 -1.5070919 -1.5220129 -1.5817078 -1.6410132 -1.7038499 -1.8231866 -1.9750421 -2.0350823 -2.0665006 -2.0722391 -2.0722391 -2.0201434 -1.9635384 -1.917493 -1.8716599 -1.8245323 -1.7955779 -1.7851051
-2.4768396 -2.5416606 -2.5764826 -2.5737889 -2.540625 -2.5208355 -2.5158609 -2.5109963 -2.5062586 -2.4856109 -2.4358651 -2.4031957 -2.3987816 -2.3971205 -2.4020951 -2.4456121 -2.5699765 -2.659287 -2.6642615 -2.6715042 -2.6764788 -2.6756398 -2.6607161 -2.6457924 -2.6308686 -2.6091864 -2.5693898 -2.5221217 -2.4624268 -2.3868799 -2.2821519 -2.1673108 -2.0528955 -1.937687 -1.832426 -1.7424907 -1.6728466 -1.627774 -1.6068284 -1.5694021 -1.5070919 -1.5165042 -1.5618382 -1.6172682 -1.670734 -1.7828392 -1.9220566 -1.9820968 -2.0135151 -2.0226097 -2.0258768 -1.9814388 -1.9304225 -1.902786 -1.8652298 -1.8338114 -1.8120472 -1.8329928
-2.5618651 -2.6247693 -2.6618828 -2.6589845 -2.5773265 -2.4927993 -2.4878247 -2.4829601 -2.4782224 -2.4575747 -2.435032 -2.4823286 -2.477354 -2.475693 -2.4796812 -2.4893168 -2.5614475 -2.6484899 -2.6534644 -2.658439 -2.6634136 -2.6625746 -2.6390375 -2.5848214 -2.5706298 -2.5566256 -2.5258391 -2.4808391 -2.4280796 -2.3980393 -2.2960331 -2.1983398 -2.0880397 -1.9901394 -1.8880646 -1.8041863 -1.7345423 -1.6849334 -1.6587504 -1.6089601 -1.5683092 -1.5905405 -1.628488 -1.6683885 -1.7194438 -1.8281146 -1.8958266 -1.9247562 -1.9525911 -1.960914 -1.9702067 -1.9263663 -1.9321471 -1.9047086 -1.8890921 -1.8614963 -1.8644892 -1.8891468
-2.6588865 -2.7256514 -2.765448 -2.6904674 -2.5341236 -2.4495964 -2.4446218 -2.4387789 -2.4340412 -2.4573554 -2.531974 -2.5792706 -2.5742961 -2.57 -2.57 -2.5806139 -2.6104613 -2.6315551 -2.6365297 -2.6415042 -2.6464788 -2.6296525 -2.5600085 -2.5081732 -2.498224 -2.485198 -2.4603252 -2.4426122 -2.4376376 -2.4154577 -2.3264389 -2.2374987 -2.1429818 -2.0485516 -1.9542964 -1.8723747 -1.8027307 -1.7456806 -1.7090258 -1.6815936 -1.6711208 -1.6825608 -1.7124083 -1.749374 -1.7965016 -1.8240767 -1.8450223 -1.8699599 -1.8961418 -1.9099078 -1.9203806 -1.9377474 -1.9529348 -1.9434695 -1.936653 -1.9314166 -1.9432601 -1.9799149
-2.6920024 -2.7528166 -2.7786944 -2.7033399 -2.5422584 -2.4576014 -2.4576014 -2.4508042 -2.4413288 -2.4639786 -2.5385972 -2.5858938 -2.5809192 -2.5759447 -2.5709701 -2.5812415 -2.6160636 -2.6376014 -2.6376014 -2.6415042 -2.6464788 -2.6296525 -2.5640379 -2.5147964 -2.5048472 -2.4921947 -2.4722964 -2.4565037 -2.4614783 -2.4433005 -2.3752274 -2.291926 -2.2073582 -2.1147834 -2.0296741 -1.951853 -1.8822089 -1.8239828 -1.7820916 -1.7478532 -1.7174831 -1.7249898 -1.7455242 -1.7762856 -1.8097479 -1.8322413 -1.8450223 -1.8699599 -1.8961418 -1.9133943 -1.9270038 -1.9522892 -1.9728043 -1.9728043 -1.9703534 -1.9808262 -1.998916 -2.0565163
-2.7252418 -2.7754267 -2.798735 -2.7147913 -2.5516733 -2.4621662 -2.46 -2.4578006 -2.4506523 -2.4709035 -2.5455222 -2.5928188 -2.5878442 -2.5828696 -2.577895 -2.584162 -2.6160636 -2.64 -2.64 -2.6415042 -2.6464788 -2.6311059 -2.5664364 -2.5171949 -2.5072458 -2.4959449 -2.4792213 -2.4697298 -2.484381 -2.4749477 -2.4165064 -2.3478966 -2.2718106 -2.187503 -2.1082143 -2.0394788 -1.9698347 -1.9094542 -1.865191 -1.8206727 -1.7835565 -1.7766274 -1.7933627 -1.8138703 -1.8423287 -1.852632 -1.8610903 -1.883539 -1.909721 -1.9269735 -1.9426827 -1.9727934 -1.9986564 -2.0116848 -2.015204 -2.0290301 -2.0559614 -2.1164423
-2.7235837 -2.7661011 -2.7859994 -2.6941907 -2.5283715 -2.4691543 -2.4641797 -2.4608296 -2.4560919 -2.4794061 -2.5540247 -2.5831474 -2.5781729 -2.5716838 -2.5667092 -2.5623747 -2.5922222 -2.6127391 -2.6127391 -2.6157579 -2.6207324 -2.6038451 -2.5391756 -2.5277964 -2.5178472 -2.5094126 -2.4946516 -2.4888338 -2.5087321 -2.4710957 -2.4187318 -2.3665235 -2.2968794 -2.2368428 -2.1687696 -2.1060921 -2.036448 -1.9821256 -1.934998 -1.8908994 -1.8437718 -1.8319478 -1.841897 -1.8521855 -1.8731311 -1.88 -1.8816204 -1.9090468 -1.9344859 -1.9509668 -1.9666759 -1.9971978 -2.0311523 -2.0477342 -2.0641206 -2.0798298 -2.1103517 -2.1731884
-2.6114259 -2.6513078 -2.6612569 -2.5865517 -2.5154863 -2.4762754 -2.4762754 -2.474076 -2.4693383 -2.4926525 -2.5088223 -2.5169156 -2.5071211 -2.4988287 -2.4938542 -2.4888796 -2.483905 -2.4935217 -2.4981891 -2.5031637 -2.5035217 -2.4846277 -2.5340994 -2.5741587 -2.5687243 -2.5623981 -2.5524489 -2.5484425 -2.4536001 -2.3585015 -2.324897 -2.280422 -2.2396464 -2.1904805 -2.1428439 -2.0871631 -2.0374173 -1.9893328 -1.952678 -1.9115338 -1.8696426 -1.8562754 -1.8562754 -1.8623681 -1.8731311 -1.8899412 -1.9213595 -1.9466563 -1.9676019 -1.9840827 -1.9997919 -2.0364642 -2.0775146 -2.0940965 -2.1104829 -2.1261921 -2.156714 -2.1743714
-2.5994259 -2.6206846 -2.6306338 -2.5931749 -2.5198386 -2.48 -2.48 -2.4778006 -2.473063 -2.4752754 -2.4901992 -2.4965847 -2.4866356 -2.4783432 -2.4733686 -2.4683941 -2.4634195 -2.4615551 -2.4665297 -2.47 -2.47 -2.4874407 -2.5471356 -2.59 -2.5883838 -2.5820575 -2.5721083 -2.5374431 -2.4314624 -2.3442586 -2.3197304 -2.2871494 -2.2504145 -2.2081888 -2.1645259 -2.124449 -2.0773666 -2.0330067 -1.9963519 -1.9544429 -1.910418 -1.8903812 -1.8885652 -1.894658 -1.9051308 -1.9261611 -1.9563378 -1.9757803 -1.9959569 -2.0124378 -2.028147 -2.0685439 -2.1095943 -2.1261762 -2.1425627 -2.1582718 -2.1723352 -2.1849294
