mean_models/J1_mean_tot_conduct_slide_102.59.dat.tif
NCOLS 118
NROWS 92
XLLCORNER 139.62
YLLCORNER -39.07
DX 0.099491525
DY 0.099347826
NODATA_VALUE -9999
[rows 0 to 25 of 92, columns 57 to 113 of 118]
-3.673221 -3.6806198 -3.6585106 -3.6314439 -3.5738435 -3.5036927 -3.4042012 -3.2746861 -3.1512084 -2.991241 -2.8166593 -2.6341319 -2.447136 -2.250108 -2.0588019 -1.881928 -1.7337818 -1.6121811 -1.5348784 -1.4802174 -1.4980513 -1.536846 -1.6474839 -1.7915176 -1.9781067 -2.1695107 -2.3795484 -2.5827291 -2.7853415 -2.9567003 -3.1013563 -3.1898913 -3.2395075 -3.2570648 -3.2227915 -3.1769252 -3.0814389 -2.978403 -2.8669218 -2.7711657 -2.6950839 -2.6577891 -2.6203974 -2.5852827 -2.5817832 -2.6286027 -2.6833485 -2.7418729 -2.7316729 -2.7361086 -2.753666 -2.755969 -2.7501166 -2.7673727 -2.7343471 -2.6638047 -2.5533957
-3.8409642 -3.8289011 -3.7964043 -3.7419819 -3.6710415 -3.5764875 -3.4550104 -3.2872604 -3.1489043 -2.9733157 -2.7687251 -2.5787132 -2.3718532 -2.1704477 -1.9749581 -1.8003501 -1.6603172 -1.5453573 -1.4801501 -1.4473645 -1.475001 -1.5377461 -1.6566905 -1.8176891 -2.0110146 -2.2138599 -2.4238976 -2.6291 -2.8227009 -2.9907713 -3.1201908 -3.205 -3.24 -3.2542319 -3.2199586 -3.1656391 -3.0723408 -2.9770367 -2.8678859 -2.7804632 -2.7156331 -2.6972837 -2.6639354 -2.6295404 -2.6296351 -2.6813037 -2.7398281 -2.7983525 -2.7795248 -2.7778953 -2.7931777 -2.7934419 -2.7915693 -2.8177871 -2.8066875 -2.7428345 -2.6571864
-3.9909642 -3.9677193 -3.9179736 -3.8469162 -3.7631339 -3.6397844 -3.5036381 -3.335365 -3.1584912 -2.948509 -2.7375169 -2.528061 -2.318461 -2.1084233 -1.9158814 -1.7445349 -1.6130298 -1.5024837 -1.459946 -1.4344574 -1.4860507 -1.5535799 -1.6862353 -1.8461878 -2.0510233 -2.2583708 -2.4684084 -2.6623712 -2.8531186 -3.0052822 -3.1255253 -3.2029076 -3.2253533 -3.2253533 -3.1800247 -3.1243057 -3.037565 -2.9441402 -2.8387963 -2.7636956 -2.7051711 -2.6916399 -2.685664 -2.6564018 -2.661013 -2.7195374 -2.7780618 -2.8365862 -2.8169572 -2.8052635 -2.8169684 -2.8210462 -2.8210462 -2.8414703 -2.8445214 -2.7918494 -2.7287062
-4.0841028 -4.0608579 -4.0111122 -3.9348655 -3.843854 -3.6990324 -3.5408936 -3.3688545 -3.1895374 -2.969914 -2.7555405 -2.5356118 -2.3246702 -2.1146325 -1.9239922 -1.7569534 -1.6343168 -1.5335299 -1.4935247 -1.477922 -1.549777 -1.623067 -1.766777 -1.9233579 -2.1193249 -2.3201574 -2.5242916 -2.705318 -2.8903741 -3.0276945 -3.1244866 -3.1780707 -3.1361414 -3.0514946 -3.0143948 -2.9628655 -2.8926362 -2.8013277 -2.6915196 -2.6269184 -2.5809864 -2.5853438 -2.5867093 -2.6335289 -2.6423852 -2.7057527 -2.7622033 -2.8179585 -2.8258252 -2.817682 -2.8293869 -2.8334647 -2.8334647 -2.7631045 -2.7513828 -2.7168865 -2.6729682
-4.1251205 -4.1392886 -4.0895429 -4.0162378 -3.9219827 -3.7679862 -3.5951852 -3.4208178 -3.2384167 -3.0215513 -2.8014675 -2.5836553 -2.3689185 -2.1620238 -1.9786575 -1.814389 -1.6996837 -1.6057195 -1.5752298 -1.5655715 -1.6403069 -1.7255517 -1.867436 -2.025956 -2.2177996 -2.3972838 -2.5962668 -2.7612011 -2.934535 -3.0574363 -3.1198285 -3.1627921 -3.1054213 -2.9649627 -2.8934844 -2.848316 -2.7753196 -2.6919348 -2.5814118 -2.5279035 -2.4927888 -2.5082243 -2.5254271 -2.5841878 -2.6377821 -2.7032112 -2.7644927 -2.8171647 -2.8219054 -2.8301005 -2.8418054 -2.8429416 -2.8429416 -2.7725814 -2.713146 -2.6823775 -2.6340824
-4.1804072 -4.201381 -4.1516353 -4.0785064 -3.9894876 -3.8349899 -3.6517161 -3.4793959 -3.3067183 -3.092255 -2.8759784 -2.6612861 -2.4496386 -2.2506555 -2.0717961 -1.9225588 -1.8125254 -1.7296158 -1.706784 -1.7021748 -1.7795571 -1.8683642 -2.0065469 -2.1625592 -2.3439849 -2.5164344 -2.6831962 -2.8386623 -2.9904182 -3.0756097 -3.132247 -3.1433016 -3.0741113 -2.9278003 -2.8494454 -2.7862237 -2.7101419 -2.6246633 -2.5193194 -2.4677391 -2.4493242 -2.4709208 -2.5005902 -2.5766719 -2.6454003 -2.7156296 -2.7779327 -2.8357924 -2.8374524 -2.842519 -2.8542239 -2.8544881 -2.8491508 -2.7787906 -2.7171353 -2.6761682 -2.6278731
-4.1939538 -4.220593 -4.1770946 -4.1084384 -4.0268481 -3.8764913 -3.7015914 -3.5513644 -3.3853728 -3.1747955 -2.9826496 -2.7736438 -2.5785992 -2.3931606 -2.2346154 -2.0953142 -1.9939724 -1.9241628 -1.9077079 -1.9138188 -1.9902526 -2.0754974 -2.2076705 -2.3389744 -2.5020284 -2.6727795 -2.805923 -2.9508297 -3.0543345 -3.1234979 -3.1500255 -3.1410598 -3.0356037 -2.8806739 -2.8014698 -2.7187712 -2.6399155 -2.5464908 -2.4504224 -2.4056467 -2.4024796 -2.4524325 -2.4864733 -2.5678526 -2.6524588 -2.7331002 -2.8010713 -2.8595958 -2.8560802 -2.8602975 -2.8686812 -2.8669065 -2.8560281 -2.7796398 -2.7162861 -2.6721474 -2.6216639
-4.2000951 -4.2327763 -4.1940851 -4.1379416 -4.0593957 -3.9146506 -3.7418496 -3.6041769 -3.4604669 -3.2912697 -3.1082005 -2.9196628 -2.743799 -2.5795737 -2.4392875 -2.3066322 -2.2220054 -2.1556777 -2.1482907 -2.1543688 -2.2216996 -2.296902 -2.4157819 -2.5361007 -2.6824118 -2.8014783 -2.9286064 -3.0159928 -3.1164267 -3.1515414 -3.1391515 -3.1115149 -2.9903659 -2.820645 -2.7221906 -2.63931 -2.5529182 -2.4651316 -2.3773449 -2.3684307 -2.3684307 -2.4262301 -2.489004 -2.5897548 -2.6811356 -2.7689222 -2.8463091 -2.9048335 -2.8881014 -2.8862323 -2.8920848 -2.8817886 -2.8700838 -2.7994694 -2.73002 -2.6832004 -2.6196371
-4.2064986 -4.2210249 -4.187861 -4.1379262 -4.0780234 -3.9312571 -3.754268 -3.6383537 -3.5225593 -3.3948804 -3.2385945 -3.0815026 -2.9176577 -2.7960569 -2.6688078 -2.5736294 -2.4966426 -2.4475119 -2.4401249 -2.4462031 -2.5014762 -2.5701085 -2.6585455 -2.7669501 -2.8748982 -2.9740629 -3.0652096 -3.110139 -3.1723099 -3.1712911 -3.1363277 -3.07 -2.9305403 -2.715088 -2.6135653 -2.5275437 -2.4456095 -2.3595745 -2.3324016 -2.34125 -2.3622215 -2.4371508 -2.5138409 -2.6484471 -2.7495843 -2.8607807 -2.9442353 -3.0103906 -2.9580348 -2.9421155 -2.9422283 -2.926974 -2.9073392 -2.8539011 -2.7921123 -2.7285225 -2.6568176
-4.1721413 -4.1489621 -4.1238674 -4.0948605 -4.0440754 -3.9362074 -3.7641377 -3.6810792 -3.5815877 -3.4979139 -3.3718403 -3.2387476 -3.1055236 -3.0156421 -2.9231374 -2.8419758 -2.8002009 -2.7606284 -2.7572151 -2.7587948 -2.7972982 -2.8525712 -2.9221813 -2.9965743 -3.0843186 -3.1327311 -3.2053832 -3.2058012 -3.2356383 -3.2141617 -3.1352797 -3.0529855 -2.8915648 -2.661223 -2.546025 -2.457782 -2.3758478 -2.3127072 -2.2952537 -2.328828 -2.3614371 -2.4604511 -2.5499086 -2.6956156 -2.8211889 -2.930021 -3.0036601 -3.0733084 -3.0085607 -2.9727609 -2.9705461 -2.953253 -2.9298432 -2.8714835 -2.8127033 -2.744196 -2.6681143
-4.0323972 -4.025799 -4.0147444 -4.0004371 -3.9742551 -3.8861263 -3.7552164 -3.6895753 -3.6343022 -3.5720402 -3.4974616 -3.3770245 -3.2779457 -3.2171453 -3.1645237 -3.1092506 -3.0867439 -3.0756893 -3.0737024 -3.0738249 -3.1039455 -3.1382846 -3.1935576 -3.2395892 -3.2922612 -3.3174526 -3.3395618 -3.3212484 -3.3015317 -3.2371549 -3.1492308 -3.044212 -2.8644692 -2.6245191 -2.5070528 -2.4139707 -2.3339791 -2.2764766 -2.2706242 -2.3115965 -2.370121 -2.4781259 -2.5926069 -2.7447705 -2.8788682 -2.9842121 -3.0537412 -3.1122656 -3.0393771 -2.9895353 -2.9836829 -2.9655678 -2.942158 -2.8813665 -2.8145314 -2.7384497 -2.6631899
-3.8517332 -3.8528028 -3.8657227 -3.8674855 -3.868698 -3.8137917 -3.7241702 -3.6862656 -3.6529299 -3.6404064 -3.5844098 -3.4953911 -3.4065148 -3.3899329 -3.349601 -3.326574 -3.3200109 -3.3302681 -3.3282812 -3.3284037 -3.3394583 -3.3668512 -3.400015 -3.4297331 -3.4350737 -3.4365963 -3.4327004 -3.3822814 -3.3449964 -3.2610143 -3.1496866 -3.019375 -2.8372489 -2.5934729 -2.4760067 -2.3829245 -2.3185476 -2.2640581 -2.2772579 -2.3378262 -2.4135856 -2.5341105 -2.6546993 -2.8068628 -2.9409606 -3.0360207 -3.0939918 -3.1433118 -3.0548226 -3.0019538 -2.9961014 -2.9749947 -2.9483672 -2.8825344 -2.8145314 -2.7384497 -2.6660319
-3.6211499 -3.64033 -3.6619326 -3.6860589 -3.7076941 -3.6758297 -3.6408354 -3.6681814 -3.6571267 -3.6460721 -3.6518963 -3.5628775 -3.553383 -3.5376282 -3.5396621 -3.5278501 -3.5438152 -3.5771599 -3.5861005 -3.5829825 -3.5940371 -3.596593 -3.6297569 -3.5347119 -3.5250899 -3.5081181 -3.4783637 -3.4203316 -3.373196 -3.2737045 -3.1461744 -3.0112976 -2.7995553 -2.5536474 -2.435239 -2.3518783 -2.2875014 -2.2656381 -2.2900015 -2.3664471 -2.4595881 -2.5743346 -2.7038298 -2.8559933 -3.0050175 -3.0932519 -3.1436657 -3.1785207 -3.0696663 -3.0078913 -3.0020389 -2.9809322 -2.95167 -2.8790222 -2.8080504 -2.7330207 -2.6627914
-3.3789896 -3.4066 -3.4508185 -3.4929171 -3.5400447 -3.5568246 -3.5725338 -3.6103656 -3.6509175 -3.6830037 -3.706793 -3.7172658 -3.7259512 -3.7425331 -3.7520646 -3.7575919 -3.7882021 -3.8379479 -3.842905 -3.8375613 -3.8284629 -3.8082373 -3.6645274 -3.5657581 -3.5364959 -3.5046363 -3.4659452 -3.4293379 -3.3918238 -3.2639021 -3.1294886 -2.9802514 -2.7685091 -2.5051492 -2.3978267 -2.3208321 -2.2838385 -2.2749417 -2.3334661 -2.4159798 -2.5154713 -2.6249534 -2.7411036 -2.9283818 -3.0726965 -3.1429258 -3.1865139 -3.2157761 -3.0902312 -3.0078913 -3.0020389 -2.9809322 -2.95167 -2.8737765 -2.7970408 -2.7268115 -2.6628096
-3.1424882 -3.1773227 -3.2283864 -3.2961612 -3.3610773 -3.4261576 -3.4646194 -3.545342 -3.6032593 -3.6848836 -3.7266012 -3.7660769 -3.7835442 -3.8172818 -3.8338637 -3.8458596 -3.8931383 -3.9516028 -3.9560096 -3.9502987 -3.9281894 -3.8812877 -3.7012325 -3.6001652 -3.5675421 -3.5167082 -3.4705036 -3.4173068 -3.3745784 -3.2420342 -3.0984425 -2.9492052 -2.747079 -2.4910799 -2.4023073 -2.3311435 -2.3234513 -2.3184064 -2.3938847 -2.4924241 -2.5939903 -2.6934818 -2.8088488 -2.9859158 -3.1280294 -3.1831802 -3.2062211 -3.2303957 -3.0991918 -3.0135503 -3.0076979 -2.9865912 -2.957329 -2.8794355 -2.8021495 -2.7319202 -2.6726829
-2.9097754 -2.9446098 -2.9998829 -3.0781087 -3.161891 -3.2544343 -3.3277438 -3.4373121 -3.5368036 -3.6381988 -3.7195957 -3.7684924 -3.8137006 -3.8542598 -3.885245 -3.9018269 -3.9551945 -4.0270495 -4.0354299 -4.0296577 -4.005617 -3.9455699 -3.7541337 -3.6222259 -3.5871112 -3.5284496 -3.4676492 -3.4037131 -3.3428529 -3.2023942 -3.0647005 -2.9155435 -2.7253739 -2.4795713 -2.4055818 -2.3526544 -2.3558934 -2.3801107 -2.4678974 -2.5704222 -2.6757662 -2.7658573 -2.8714355 -3.04413 -3.1700223 -3.2165316 -3.2319117 -3.2436166 -3.1095033 -3.0198841 -3.0140316 -2.9909322 -2.96167 -2.8837765 -2.8064905 -2.7362612 -2.6810094
-2.689788 -2.7194214 -2.7746945 -2.8562953 -2.9557868 -3.0618978 -3.1754105 -3.3033493 -3.4374558 -3.5690095 -3.6798565 -3.7531661 -3.8137006 -3.8689736 -3.9055465 -3.9276557 -3.9831737 -4.0601654 -4.0685458 -4.0627737 -4.0351371 -3.9720626 -3.762025 -3.6216152 -3.5747956 -3.5098397 -3.4345333 -3.3592273 -3.2832442 -3.1379333 -2.9984686 -2.8713406 -2.6929105 -2.4795713 -2.4214501 -2.3923936 -2.4158033 -2.454947 -2.5661434 -2.6665871 -2.7618677 -2.836946 -2.9244211 -3.0882895 -3.207139 -3.2364012 -3.2498109 -3.256863 -3.1187202 -3.0257827 -3.0140778 -2.9909322 -2.96167 -2.8837765 -2.8064905 -2.7362612 -2.6843519
-2.5414728 -2.554483 -2.6044054 -2.6815335 -2.7777592 -2.8863765 -3.0127931 -3.17937 -3.3268157 -3.4613705 -3.612612 -3.6927342 -3.7891421 -3.8498424 -3.8998753 -3.9305755 -3.9936217 -3.9965567 -3.9870558 -3.976372 -3.9487354 -3.8842769 -3.6555815 -3.471651 -3.4274451 -3.359721 -3.2907779 -3.2147798 -3.1377883 -2.9995131 -2.8863944 -2.7785598 -2.6865683 -2.5083 -2.4558319 -2.4596381 -2.4877409 -2.5592065 -2.659829 -2.7511999 -2.8317938 -2.8844089 -2.9649636 -3.1209272 -3.2112911 -3.2314863 -3.2392281 -3.2403533 -3.0625481 -2.9668424 -2.9551375 -2.931992 -2.9073075 -2.8739531 -2.7966672 -2.7318843 -2.6843519
-2.408144 -2.409956 -2.4541744 -2.524822 -2.6190771 -2.7373451 -2.868255 -3.034832 -3.2117058 -3.381255 -3.5415732 -3.6527206 -3.7577224 -3.8295774 -3.8880053 -3.9266965 -3.9247571 -3.8971206 -3.8830857 -3.8704818 -3.8386064 -3.766337 -3.4899972 -3.3004622 -3.2594951 -3.196698 -3.1303703 -3.0569656 -2.9829141 -2.8775701 -2.7925631 -2.7096535 -2.6266294 -2.5271379 -2.5224839 -2.5299402 -2.5854515 -2.6493997 -2.7371863 -2.8133208 -2.8894025 -2.9371995 -2.993862 -3.1220481 -3.2056374 -3.2173423 -3.22 -3.22 -3.0321895 -2.9046617 -2.8929568 -2.8736248 -2.8502151 -2.8265466 -2.7904088 -2.7318843 -2.688016
-2.3482912 -2.3411711 -2.3548266 -2.4194837 -2.5011016 -2.6169 -2.7440702 -2.9106472 -3.087521 -3.2697385 -3.4360161 -3.566926 -3.6779988 -3.7719631 -3.8334259 -3.8770225 -3.8774416 -3.8536559 -3.837757 -3.8208078 -3.7710621 -3.6918262 -3.4430974 -3.2511116 -3.1849842 -3.1115484 -3.0310225 -2.9501891 -2.8711478 -2.7800696 -2.7115962 -2.6661889 -2.5998404 -2.5333471 -2.5497925 -2.5734049 -2.6436342 -2.7114921 -2.7942167 -2.8618139 -2.9266579 -2.9589574 -3.0062805 -3.1291818 -3.2118466 -3.2235515 -3.2233671 -3.22 -3.0272881 -2.8984525 -2.8867476 -2.8674156 -2.8440058 -2.8250798 -2.7904088 -2.7267426 -2.6843498
-2.3580312 -2.3250909 -2.3296302 -2.3696875 -2.4368721 -2.5378578 -2.6516996 -2.7970806 -2.9739545 -3.156172 -3.3233803 -3.4542902 -3.5795817 -3.6739827 -3.7492275 -3.7949374 -3.7994524 -3.7798892 -3.7633073 -3.7357399 -3.6859942 -3.5783819 -3.3307482 -3.1630605 -3.087866 -3.0051829 -2.9110514 -2.8260655 -2.7502987 -2.6683645 -2.6211274 -2.5852242 -2.5820188 -2.532019 -2.5560017 -2.6133301 -2.6835594 -2.7646263 -2.8427469 -2.9035395 -2.9531356 -2.9785159 -3.0151595 -3.1380608 -3.2145165 -3.2245713 -3.2224975 -3.22 -3.0272881 -2.8957827 -2.8825772 -2.8612064 -2.8377966 -2.8188706 -2.7849102 -2.7218843 -2.68168
-2.3766589 -2.3337937 -2.3172118 -2.3400706 -2.3871982 -2.471488 -2.5709795 -2.7133618 -2.8683974 -3.0404302 -3.2059785 -3.3421248 -3.4689341 -3.5684256 -3.6458438 -3.6955895 -3.7033325 -3.6867506 -3.6573211 -3.6239736 -3.5475421 -3.4407561 -3.2251912 -3.0575034 -2.9638643 -2.8677304 -2.7682389 -2.6924207 -2.6206996 -2.5738801 -2.5417595 -2.5417595 -2.5385541 -2.5327017 -2.5841416 -2.6505856 -2.732366 -2.8094162 -2.8737931 -2.924587 -2.9655541 -2.9894785 -3.0210668 -3.1381157 -3.2125096 -3.218362 -3.22 -3.22 -3.0272881 -2.8939253 -2.876368 -2.8549971 -2.8315874 -2.8126613 -2.7804088 -2.7218843 -2.68168
-2.4536739 -2.4006064 -2.3675496 -2.3670761 -2.3915424 -2.4566227 -2.5422916 -2.6546503 -2.794953 -2.9336865 -3.0909424 -3.2113795 -3.3348195 -3.4243409 -3.4995858 -3.5454011 -3.5499162 -3.5304585 -3.496719 -3.4409563 -3.3414648 -3.2364682 -3.036621 -2.864337 -2.762584 -2.6762837 -2.5845156 -2.5382115 -2.4771176 -2.451029 -2.4687832 -2.5082246 -2.5306623 -2.5500074 -2.6232648 -2.6969282 -2.7788624 -2.8551585 -2.9808385 -3.0720698 -3.1185786 -3.1425029 -3.1497949 -3.0173693 -3.0915118 -3.0928986 -3.0928986 -3.0928986 -3.0146094 -2.8873189 -2.8697616 -2.8483907 -2.8249809 -2.8177816 -2.7867638 -2.7324061 -2.6907261
-2.5716363 -2.4940347 -2.4531205 -2.4269488 -2.4374216 -2.4714361 -2.5447456 -2.6289021 -2.7449756 -2.8572947 -2.9869049 -3.0935733 -3.1992282 -3.2805548 -3.337471 -3.3798522 -3.3739429 -3.3518337 -3.3025211 -3.2382596 -3.1333062 -3.0237723 -2.839876 -2.6799607 -2.5751108 -2.4962801 -2.4133705 -2.3858953 -2.3497418 -2.3497418 -2.4036419 -2.4591236 -2.5152298 -2.5561969 -2.6397839 -2.7280269 -2.8099611 -2.9144476 -3.0655633 -3.146674 -3.199346 -3.2243969 -3.2316889 -3.0970828 -3.0144158 -3.0144158 -3.0144158 -3.0144158 -2.9361266 -2.8780897 -2.8612856 -2.8419536 -2.8185439 -2.8169288 -2.79516 -2.7436954 -2.7008081
-2.7041494 -2.6244287 -2.5636283 -2.5305521 -2.5096065 -2.5341488 -2.5708035 -2.6417634 -2.7201386 -2.8094936 -2.9061848 -2.9899672 -3.0750434 -3.1358438 -3.18224 -3.198822 -3.1856042 -3.1469288 -3.0870104 -3.014727 -2.9041808 -2.7878213 -2.638584 -2.4998928 -2.4004013 -2.3263753 -2.2643487 -2.2491322 -2.2379755 -2.2798767 -2.3415495 -2.4299864 -2.4982551 -2.5624061 -2.6478385 -2.7404454 -2.8223796 -2.9251047 -3.0655633 -3.1450897 -3.1869275 -3.2119785 -3.2192705 -3.0846643 -3.0019973 -3.0019973 -3.0019973 -3.0019973 -2.9237081 -2.8667813 -2.8550764 -2.8357444 -2.8123346 -2.816862 -2.8032902 -2.7623231 -2.717692
-2.8459633 -2.7607712 -2.6940224 -2.6444805 -2.6151636 -2.6085802 -2.6338946 -2.6592623 -2.7228236 -2.7638143 -2.8440913 -2.8884047 -2.9569001 -2.9908167 -3.0200963 -3.0227486 -2.9975791 -2.9554253 -2.8895308 -2.8016768 -2.69628 -2.5846181 -2.4599495 -2.3394385 -2.2515969 -2.2012532 -2.1490328 -2.1704311 -2.1709648 -2.2264657 -2.3186115 -2.42 -2.5048754 -2.5752679 -2.6598314 -2.7523404 -2.8191663 -2.9198941 -3.0544679 -3.1222894 -3.1600038 -3.1789329 -3.1871163 -3.0618246 -2.9791576 -2.9791576 -2.9751945 -2.973947 -2.906079 -2.8501509 -2.8416177 -2.8319517 -2.811336 -2.8314951 -2.8219179 -2.783973 -2.7378663
