mean_models/J1_mean__temp2_slide_300.dat.tif
NCOLS 118
NROWS 92
XLLCORNER 139.62
YLLCORNER -39.07
DX 0.099491525
DY 0.099347826
NODATA_VALUE -9999
[rows 54 to 80 of 92, columns 0 to 59 of 118]
-9999 1349.1135 1337.4368 1325.7601 1314.0834 1303.428 1292.8581 1282.6401 1272.8283 1263.0164 1253.2046 1267.2053 1287.4748 1299.769 1296.0922 1292.4153 1299.3665 1307.3076 1315.2487 1322.0418 1326.1866 1330.3314 1334.4763 1339.635 1345.2493 1346.1231 1334.291 1322.4589 1320.3839 1319.4686 1318.5533 1318.1322 1318.6637 1319.1952 1319.7267 1326.0799 1333.9866 1347.64 1369.5148 1391.3895 1413.2643 1424.9662 1435.7765 1432.5368 1419.1969 1404.1132 1384.6421 1365.1711 1345.7001 1349.0153 1356.2686 1363.5219 1363.7725 1356.4687 1353.4413 1365.2264 1377.0115 1388.7966 1412.0378 1437.2621
-9999 1330.1009 1318.4242 1307.0208 1296.4509 1285.881 1275.3111 1265.0931 1255.2813 1248.9521 1269.2217 1289.4912 1309.7607 1322.0549 1318.378 1314.7012 1311.0243 1314.4615 1322.4026 1329.1957 1333.3405 1337.4853 1343.0885 1348.7028 1354.3171 1355.1909 1343.3588 1331.5268 1319.6947 1314.5548 1313.6395 1313.2183 1313.7499 1314.7985 1322.7052 1330.6119 1338.5186 1352.172 1374.0467 1393.9469 1404.7572 1415.5674 1426.3777 1423.1381 1409.7982 1396.4583 1382.8297 1363.3587 1343.8877 1347.2029 1354.4562 1351.5677 1344.264 1336.9603 1333.9328 1345.7179 1358.4178 1383.6421 1408.8664 1434.0907
-9999 1311.0883 1300.0438 1289.4738 1278.9039 1268.334 1257.7641 1247.5461 1250.9685 1271.238 1291.5075 1311.7771 1332.0466 1344.3408 1340.6639 1336.987 1333.3102 1329.6333 1329.5565 1336.3496 1340.9278 1346.5421 1352.1564 1357.7707 1363.385 1364.2588 1352.4267 1340.5946 1328.7626 1316.9305 1308.7256 1308.3045 1311.4238 1319.3305 1327.2372 1335.1439 1343.0506 1356.704 1373.7379 1384.5482 1395.3584 1406.1687 1416.979 1413.7394 1400.3995 1387.0596 1373.7197 1360.3798 1342.0752 1345.3904 1339.363 1332.0593 1324.7555 1317.4518 1314.4243 1330.0222 1355.2465 1380.4708 1405.6951 1430.9194
-9999 1299.0707 1288.5008 1277.9308 1267.3609 1256.791 1246.2211 1248.4553 1268.7248 1288.9944 1309.2639 1329.5334 1349.8029 1366.5159 1362.839 1359.1622 1355.4853 1351.8084 1348.1315 1347.2642 1352.8785 1358.4928 1364.1071 1369.7214 1375.3357 1372.6664 1360.673 1348.8409 1337.0089 1325.1768 1313.3447 1308.2548 1316.1615 1324.0682 1331.9749 1339.8816 1347.7883 1351.5798 1362.3901 1373.2003 1384.0106 1394.8209 1405.6311 1406.2548 1392.9149 1379.575 1366.2351 1352.8953 1339.5554 1332.2318 1324.9281 1317.6243 1310.3206 1303.0169 1299.6144 1323.9711 1349.1954 1374.4197 1399.644 1424.8683
-9999 1308.0341 1297.4641 1286.8942 1276.3243 1266.6746 1263.5026 1265.4883 1273.4268 1291.2802 1311.5498 1331.8193 1352.0888 1369.2637 1380.2412 1380.9591 1377.2822 1373.6053 1369.9285 1369.0611 1374.6754 1380.2897 1385.904 1391.5183 1391.8094 1386.629 1368.2875 1354.2812 1342.4492 1330.6171 1318.785 1313.6951 1321.6018 1329.5085 1337.4152 1345.0247 1335.5885 1334.2455 1344.4812 1355.1954 1366.0057 1376.816 1387.6262 1392.2327 1391.9683 1378.6284 1365.2885 1351.9486 1338.6087 1333.0504 1327.8215 1320.5178 1313.2141 1305.9103 1302.5079 1312.619 1333.3085 1358.5328 1383.7571 1408.9814
-9999 1316.9974 1306.4275 1295.8576 1288.8237 1285.6518 1282.4798 1284.4655 1292.404 1300.3424 1313.8357 1334.1052 1354.3747 1371.5495 1382.5271 1393.5047 1399.0791 1395.4022 1391.7254 1390.858 1396.4723 1402.0866 1406.3118 1406.0419 1405.7719 1400.5916 1382.25 1363.9085 1347.8894 1336.0574 1324.2253 1319.1353 1327.0421 1334.9488 1337.1955 1327.7593 1318.3231 1316.9802 1327.2158 1337.4515 1348.0008 1358.811 1369.6213 1374.2278 1374.3744 1374.521 1364.3418 1351.0019 1337.662 1332.1037 1327.8902 1323.4112 1316.1075 1308.8038 1305.4013 1315.5125 1325.6237 1342.646 1367.8703 1393.0946
-9999 1325.9608 1315.3909 1310.9729 1307.8009 1304.629 1301.457 1303.4427 1311.3812 1319.3196 1327.2581 1336.3911 1356.6606 1373.8354 1384.813 1395.7905 1406.7681 1417.1992 1413.5223 1412.6549 1418.2692 1420.5444 1420.2744 1420.0044 1419.7345 1414.5541 1396.2126 1377.8711 1359.5296 1341.4977 1329.6656 1324.5756 1332.4823 1329.3664 1319.9302 1310.494 1301.0578 1299.7149 1309.9505 1320.1861 1330.4218 1340.8061 1351.6164 1356.2228 1356.3695 1356.5161 1356.6627 1350.0552 1336.7153 1331.157 1326.9435 1322.7301 1318.5166 1311.6972 1308.2948 1318.4059 1328.5171 1338.6283 1351.9835 1377.2078
-9999 1336.2941 1333.1221 1329.9501 1326.7781 1323.6062 1320.4342 1322.4199 1330.3584 1338.2968 1346.2353 1354.1737 1362.1122 1376.1213 1387.0989 1398.0764 1409.054 1420.0316 1431.0091 1434.4518 1434.7769 1434.5069 1434.237 1433.967 1433.6971 1428.5167 1410.1752 1391.8337 1373.4921 1355.1506 1336.8091 1330.0159 1321.5372 1312.101 1302.6649 1293.2287 1283.7925 1282.4496 1292.6852 1302.9208 1313.1564 1323.392 1333.6277 1338.2179 1338.3646 1338.5112 1338.6578 1338.8044 1335.7687 1330.2103 1325.9969 1321.7834 1317.5699 1313.3565 1311.1882 1321.2994 1331.4106 1341.5218 1351.6329 1361.7441
-9999 1334.045 1330.8731 1327.7011 1324.5291 1321.3571 1321.5163 1326.4647 1332.9416 1340.88 1348.8185 1356.7569 1364.6954 1367.4066 1367.2399 1378.2175 1389.195 1400.1726 1411.1502 1418.7267 1418.4567 1418.1868 1417.9168 1417.6468 1415.8484 1415.998 1423.3736 1405.0321 1386.6906 1368.3491 1350.0076 1334.7078 1325.2717 1315.8355 1306.3993 1296.9631 1288.3297 1288.0458 1297.8093 1308.045 1318.2806 1328.5162 1338.7518 1341.5578 1340.9006 1341.0472 1341.1938 1341.3404 1341.4871 1343.3389 1339.2107 1334.9972 1330.7837 1326.5703 1320.6898 1316.8267 1326.9379 1337.0491 1347.1603 1357.2715
-9999 1322.5657 1319.3938 1316.2218 1313.0498 1316.0988 1321.0994 1326.0479 1330.936 1336.3343 1344.2728 1352.2112 1360.1497 1362.8608 1355.1042 1348.7288 1359.7064 1370.684 1381.6615 1389.238 1388.9681 1388.6981 1388.4282 1384.0921 1376.1653 1376.3149 1398.1113 1417.8983 1399.5568 1381.2153 1362.8738 1347.574 1338.1379 1328.7017 1319.2655 1311.3986 1304.4413 1304.1574 1313.4207 1322.9052 1333.1408 1343.3764 1353.612 1356.418 1353.8829 1352.5155 1352.6621 1352.8087 1352.9553 1354.8071 1356.9537 1354.3687 1350.1552 1345.9418 1340.0613 1328.4066 1319.2621 1329.3733 1339.4844 1349.5956
-9999 1311.0864 1307.9144 1305.6806 1310.6813 1315.682 1320.6826 1325.6311 1330.5192 1335.4073 1340.2955 1347.6655 1355.6039 1358.3151 1350.5584 1342.8018 1335.0451 1341.1953 1352.1729 1359.7494 1359.4794 1359.2095 1352.3359 1344.4091 1336.4823 1336.6319 1358.4283 1380.2247 1402.0211 1394.0815 1375.74 1360.4402 1351.0041 1341.5679 1334.4675 1327.5102 1320.5529 1320.2689 1329.5323 1338.7956 1348.059 1358.2366 1368.4723 1371.2782 1368.7431 1366.208 1364.1304 1364.277 1364.4236 1366.2754 1368.4219 1370.5685 1369.5267 1365.3133 1359.4328 1347.7781 1336.1234 1324.4686 1331.8086 1341.9198
-9999 1299.6071 1300.2631 1305.2638 1310.2645 1315.2651 1320.2658 1325.2142 1330.1024 1334.9905 1339.8786 1344.7668 1351.0582 1353.7694 1346.0127 1338.256 1330.4993 1322.7427 1322.6842 1330.2607 1328.5065 1320.5797 1312.6529 1304.726 1296.7992 1296.9488 1318.7452 1340.5416 1362.338 1384.1344 1388.6062 1373.3065 1364.4937 1357.5364 1350.5791 1343.6218 1336.6644 1336.3805 1345.6439 1354.9072 1364.1706 1373.4339 1383.3325 1386.1385 1383.6033 1381.0682 1378.5331 1375.998 1375.8919 1377.7437 1379.8902 1382.0367 1384.1833 1384.6848 1378.8043 1367.1496 1355.4949 1343.8402 1332.1854 1334.2439
-9999 1297.1329 1302.1336 1307.1343 1312.135 1317.1356 1322.1363 1323.9387 1328.8268 1333.715 1338.6031 1343.4912 1348.3794 1353.7417 1345.985 1338.2283 1330.4716 1322.7149 1314.9583 1307.1501 1299.2233 1291.2965 1283.3697 1275.4428 1267.516 1265.6563 1287.4527 1309.2491 1331.0455 1352.8419 1374.6383 1386.6134 1379.656 1372.6987 1365.7414 1358.7841 1351.8267 1344.8122 1354.0756 1363.3389 1372.6023 1381.8656 1391.129 1396.7488 1394.2136 1391.6785 1389.1434 1386.6083 1384.0732 1385.5298 1387.6764 1389.8229 1391.9694 1394.116 1393.0259 1381.3712 1369.7165 1358.0618 1346.407 1334.7523
-9999 1310.3802 1315.3809 1320.3815 1325.3822 1329.7663 1320.8825 1318.392 1323.2801 1328.1683 1333.0564 1337.9445 1349.1922 1359.1574 1365.3445 1360.6726 1352.9159 1345.1592 1337.4025 1329.5943 1321.6675 1313.7407 1305.8139 1297.8871 1294.4826 1294.6154 1301.6756 1319.6899 1341.4863 1363.2827 1385.0791 1397.0541 1390.0968 1383.1395 1376.1822 1369.2249 1333.4055 1315.0454 1324.3088 1333.5721 1342.8354 1353.4578 1378.8532 1387.2985 1383.6854 1381.1503 1378.6152 1376.0801 1373.545 1375.0016 1377.1481 1379.2947 1381.4412 1383.1181 1381.6327 1369.978 1358.3233 1346.6686 1335.1668 1326.8333
-9999 1323.6275 1328.6281 1333.6288 1333.1034 1324.2196 1315.3358 1312.8453 1317.7334 1322.6216 1329.3678 1341.2197 1353.0716 1363.0368 1369.2239 1375.4109 1375.3601 1367.6034 1359.8467 1352.0386 1344.1117 1336.1849 1329.1199 1326.6681 1324.2163 1324.3491 1331.4093 1338.4695 1351.9271 1373.7235 1395.5199 1407.4949 1400.5376 1393.5803 1378.9757 1341.3072 1303.6387 1285.2786 1294.5419 1303.8053 1319.058 1344.4533 1369.8487 1378.2941 1374.5542 1370.8144 1368.087 1365.5519 1363.0167 1364.4734 1366.6199 1368.7665 1370.2744 1371.7249 1370.2395 1358.5848 1346.9301 1336.2342 1327.9007 1319.5673
-9999 1336.8747 1341.8754 1336.4404 1327.5567 1318.6729 1309.7891 1307.2986 1312.1867 1321.3954 1333.2473 1345.0992 1356.951 1366.9163 1373.1033 1379.2904 1385.4774 1390.0476 1382.2909 1374.4828 1366.556 1361.3054 1358.8536 1356.4018 1353.95 1354.0828 1361.143 1368.2032 1375.2634 1384.1643 1405.9607 1417.9357 1410.9784 1386.8774 1349.2089 1311.5404 1273.8719 1255.5118 1264.7751 1284.6581 1310.0535 1335.4489 1360.8443 1369.2896 1365.5498 1361.81 1358.0701 1355.0236 1352.4885 1353.9452 1355.9803 1357.4308 1358.8812 1360.3317 1358.8463 1347.1916 1337.3016 1328.9681 1320.6347 1312.3012
-9999 1348.6613 1339.7775 1330.8937 1322.01 1313.1262 1304.2424 1301.7519 1313.4229 1325.2748 1337.1267 1348.9786 1360.8305 1370.7957 1376.9827 1383.1698 1389.3568 1395.5439 1401.7309 1396.927 1393.4909 1391.0391 1388.5873 1386.1355 1383.6837 1383.8165 1390.8767 1397.9369 1404.9971 1412.0573 1419.1174 1428.3765 1394.7791 1357.1106 1319.442 1281.7735 1244.105 1225.745 1250.2583 1275.6537 1301.0491 1326.4445 1351.8398 1360.2852 1356.5453 1352.8055 1349.0657 1345.3258 1341.9603 1343.1367 1344.5871 1346.0376 1347.488 1348.9385 1347.4531 1338.369 1330.0355 1321.7021 1313.3686 1305.0351
-9999 1347.9736 1339.0898 1330.206 1321.3222 1312.4385 1309.9897 1307.5937 1307.6573 1319.5092 1331.361 1343.2129 1355.0648 1365.2956 1371.9095 1378.0966 1384.2836 1390.4707 1396.6577 1400.2325 1397.7807 1395.3289 1392.8771 1390.4253 1388.7053 1388.6569 1387.1851 1394.2453 1401.3055 1408.3657 1415.4258 1407.2082 1369.5397 1331.8712 1294.2027 1256.5342 1229.7296 1226.7037 1236.0837 1261.4791 1286.8745 1312.2699 1337.6653 1352.243 1351.0682 1347.3284 1343.5886 1339.8487 1336.1089 1336.0369 1337.4874 1338.9378 1340.3883 1341.8387 1341.438 1333.9964 1325.6629 1317.3295 1308.996 1300.6625
-9999 1350.0445 1341.1607 1332.277 1323.3932 1328.0672 1337.715 1335.319 1319.0229 1308.2675 1320.1194 1331.9713 1343.8232 1354.0539 1361.0382 1367.9405 1374.1276 1380.3146 1386.5017 1390.0765 1387.6247 1385.1729 1382.721 1382.888 1385.6535 1385.6051 1378.0144 1371.5764 1378.6366 1385.6967 1392.7569 1384.5393 1346.8708 1309.2023 1271.5338 1258.6003 1261.8528 1258.827 1246.819 1244.3691 1269.7645 1295.1599 1320.5553 1335.133 1341.934 1343.8539 1340.1141 1336.3743 1332.6344 1332.5232 1333.0392 1334.2757 1335.7262 1337.1766 1336.7759 1329.9628 1322.9331 1314.5997 1306.2662 1297.9327
-9999 1352.1155 1343.2317 1336.497 1346.1448 1355.7925 1365.4402 1363.0442 1346.7482 1330.4521 1314.156 1320.7296 1332.5815 1342.8122 1349.7966 1356.7809 1363.7652 1370.1586 1376.3456 1379.9204 1377.4686 1375.0168 1377.0707 1379.8362 1382.6018 1382.5533 1374.9626 1367.3719 1359.7812 1363.0278 1370.088 1361.8703 1324.2018 1286.5333 1287.471 1290.7235 1293.976 1290.9502 1278.9422 1266.9343 1254.9263 1278.05 1303.4453 1318.0231 1324.8241 1331.6251 1336.6396 1332.8998 1329.16 1329.0488 1329.5647 1330.0806 1331.064 1332.5145 1332.1137 1325.3007 1318.4877 1311.6746 1303.5364 1295.2029
-9999 1354.1864 1354.5745 1364.2223 1373.87 1383.5178 1393.1655 1390.7695 1374.4734 1358.1774 1341.8813 1325.5852 1321.3398 1331.5706 1338.5549 1345.5392 1352.5235 1359.5078 1366.1896 1369.7643 1368.4878 1371.2534 1374.0189 1376.7844 1379.55 1379.5015 1371.9108 1364.3201 1356.7294 1349.1387 1347.4191 1339.2014 1313.0891 1316.3416 1319.5942 1322.8467 1326.0992 1323.0734 1311.0654 1299.0575 1287.0496 1275.0416 1286.3354 1300.9131 1307.7141 1314.5152 1321.3162 1328.1172 1325.6855 1325.5743 1326.0902 1326.6062 1327.1221 1327.8524 1327.4516 1320.6386 1313.8255 1307.0125 1300.1995 1292.4731
-9999 1363.2631 1372.9108 1382.5585 1392.2063 1401.854 1411.5018 1419.0349 1402.7389 1386.4428 1370.1467 1353.8507 1337.5546 1322.2827 1329.267 1336.2513 1343.2356 1350.2199 1357.2042 1362.9129 1365.6784 1368.4439 1371.2095 1373.975 1376.7405 1374.3822 1366.8163 1359.2256 1351.6349 1344.0442 1336.4535 1332.5665 1335.8191 1339.0716 1342.3241 1345.5767 1348.8292 1352.4442 1340.4362 1328.4283 1316.4204 1304.4124 1292.4045 1290.3789 1297.1799 1303.9809 1310.782 1317.583 1324.384 1322.0156 1322.5315 1323.0474 1323.5634 1324.0793 1324.4193 1317.8782 1311.0652 1304.2522 1297.4391 1290.6261
-9999 1346.0587 1355.7065 1365.3542 1375.0019 1384.9667 1396.9139 1410.6156 1426.3425 1416.7529 1400.4569 1384.1608 1367.8647 1351.4459 1334.781 1334.3592 1341.3435 1348.3278 1355.3121 1361.0207 1363.7863 1366.5518 1369.3173 1372.0829 1364.7035 1357.4411 1352.9232 1346.3989 1338.8082 1331.2175 1323.6268 1319.7398 1322.9924 1326.2449 1329.4974 1332.5635 1329.6405 1335.497 1353.9139 1347.3803 1335.3723 1323.3644 1311.3564 1308.2246 1311.537 1318.3381 1325.1391 1331.9401 1338.7411 1327.9495 1318.6538 1319.1697 1319.6856 1320.2016 1320.5416 1320.2723 1315.5038 1308.6908 1301.8777 1295.0647
-9999 1328.8544 1338.5021 1348.1499 1358.9984 1370.9456 1382.8927 1396.5945 1412.3213 1428.0482 1430.767 1414.4709 1398.1749 1381.756 1365.0911 1348.4263 1339.4514 1346.4357 1353.42 1359.1286 1361.8941 1364.6597 1364.3351 1356.0487 1347.7624 1340.5001 1335.9821 1331.4642 1325.9815 1318.3908 1310.8001 1306.9131 1310.1657 1313.4182 1314.3909 1311.4679 1308.5449 1314.4014 1332.8183 1351.2352 1354.3243 1342.3163 1330.3084 1327.1765 1330.4255 1333.6745 1339.4962 1346.2972 1353.0983 1342.3066 1328.4744 1315.292 1315.8079 1316.3239 1316.6639 1316.3945 1316.1252 1313.1293 1306.3163 1299.5033
-9999 1311.6501 1321.2978 1333.0302 1344.9773 1356.9244 1368.8716 1382.5734 1398.3002 1414.027 1429.7539 1444.781 1428.485 1412.0661 1395.4013 1378.7364 1362.0716 1345.4068 1351.5279 1357.2365 1360.002 1355.6803 1347.394 1339.1077 1330.8214 1323.559 1319.0411 1314.5231 1310.0052 1305.4873 1297.9734 1294.0864 1297.3389 1296.2183 1293.2953 1290.3723 1287.4492 1293.3058 1311.7227 1330.1396 1348.5565 1361.2683 1349.2603 1346.1285 1349.3775 1352.6265 1355.8755 1360.6543 1367.4554 1356.6637 1342.8315 1328.9994 1315.1672 1312.4461 1312.7861 1312.5168 1312.2475 1311.9781 1310.7549 1303.9419
-9999 1295.1148 1307.0619 1319.009 1330.9562 1342.9033 1354.8504 1368.5522 1384.279 1400.0059 1415.7327 1431.4596 1447.1864 1442.3762 1425.7114 1409.0466 1392.3817 1375.7169 1359.0521 1355.3119 1347.0256 1338.7393 1330.4529 1322.1666 1313.8803 1306.6179 1302.1 1297.5821 1293.0642 1288.5462 1284.0283 1280.9688 1278.0457 1275.1227 1272.1997 1269.2767 1266.3536 1272.2102 1290.6271 1309.044 1327.4609 1345.8778 1364.2947 1365.0804 1368.3294 1371.5784 1374.8274 1378.0764 1381.8125 1371.0208 1357.1887 1343.3565 1329.5243 1315.6922 1308.9084 1308.6391 1308.3697 1308.1004 1307.8311 1307.5617
-9999 1317.0217 1328.9688 1340.9159 1352.8631 1364.8102 1357.862 1349.2823 1358.8006 1374.5275 1390.2543 1405.9812 1421.708 1432.3545 1428.6094 1411.9445 1395.2797 1378.6149 1361.9501 1347.8188 1339.5324 1331.2461 1322.9598 1314.6735 1313.7822 1315.7845 1294.3924 1289.8745 1285.3565 1280.8386 1276.3207 1272.3475 1269.4245 1266.5015 1263.5784 1260.6554 1261.1249 1265.9944 1276.4165 1294.8334 1313.2503 1331.6672 1350.0841 1362.6606 1368.2217 1371.4707 1374.7197 1377.9687 1381.2178 1370.5746 1356.87 1343.0378 1329.2057 1315.3735 1307.9761 1319.6907 1319.4213 1319.152 1318.8827 1318.6133
