mean_models/J1_mean_vp_slide_diff_25.dat.tif
NCOLS 118
NROWS 92
XLLCORNER 139.62
YLLCORNER -39.07
DX 0.099491525
DY 0.099347826
NODATA_VALUE -9999
[rows 54 to 80 of 92, columns 0 to 59 of 118]
-9999 7.0760476 7.0874052 7.0987627 7.1101202 7.108637 7.1060793 7.0969539 7.0802486 7.0635433 7.0468381 7.0310061 7.015404 7.0023354 6.9943403 6.9863452 6.9770568 6.9676481 6.9582394 6.951844 6.9524006 6.9529573 6.953514 6.9517035 6.9488293 6.9443922 6.935766 6.9271397 6.9103152 6.8925163 6.8747175 6.8608255 6.8544646 6.8481037 6.8417428 6.8314973 6.8202151 6.8065587 6.7895057 6.7724527 6.7553996 6.7398864 6.7245081 6.7144924 6.7083318 6.7013786 6.6924315 6.6834844 6.6745373 6.6764818 6.6803087 6.6841356 6.6824511 6.6748212 6.6643123 6.6438311 6.6233498 6.6028686 6.5967519 6.5931219
-9999 7.0971932 7.1085507 7.1164718 7.1139141 7.1113563 7.1087986 7.0996732 7.0829679 7.0663904 7.0507883 7.0351862 7.0195842 7.0065156 6.9985205 6.9905253 6.9825302 6.9736694 6.9642607 6.9578653 6.958422 6.9589786 6.9561305 6.9532563 6.9503822 6.9459451 6.9373188 6.9286925 6.9200663 6.9058171 6.8880182 6.8741262 6.8677653 6.8610594 6.8497772 6.838495 6.8272128 6.8135565 6.7965034 6.7797493 6.764371 6.7489927 6.7336144 6.7235987 6.7174381 6.7112774 6.7049856 6.6960385 6.6870914 6.6890359 6.6928628 6.6887079 6.6810779 6.673448 6.6629391 6.6424579 6.6231237 6.6194937 6.6158637 6.6122336
-9999 7.1183387 7.1217489 7.1191912 7.1166334 7.1140757 7.1115179 7.1023925 7.0861726 7.0705705 7.0549685 7.0393664 7.0237644 7.0106958 7.0027006 6.9947055 6.9867104 6.9787152 6.970282 6.9638867 6.9634316 6.9605574 6.9576833 6.9548092 6.951935 6.9474979 6.9388717 6.9302454 6.9216191 6.9129929 6.9013189 6.8874269 6.8793393 6.8680571 6.8567749 6.8454928 6.8342106 6.8205542 6.8042339 6.7888556 6.7734773 6.758099 6.7427207 6.732705 6.7265444 6.7203837 6.7142231 6.7080625 6.6996455 6.7015901 6.6949646 6.6873347 6.6797048 6.6720748 6.661566 6.6458654 6.6422354 6.6386054 6.6349754 6.6313454
-9999 7.1259477 7.1233899 7.1208322 7.1182744 7.1157167 7.1131589 7.1092897 7.0936876 7.0780856 7.0624835 7.0468814 7.0312794 7.0161417 7.0081465 7.0001514 6.9921563 6.9841611 6.976166 6.9697194 6.9668452 6.9639711 6.9610969 6.9582228 6.9553486 6.9473402 6.9388066 6.9301804 6.9215541 6.9129279 6.9043016 6.8947682 6.883486 6.8722038 6.8609217 6.8496395 6.8383573 6.8271924 6.8118141 6.7964358 6.7810575 6.7656792 6.7503009 6.7401191 6.7339585 6.7277978 6.7216372 6.7154766 6.709316 6.7021424 6.6945125 6.6868825 6.6792526 6.6716227 6.6660339 6.6626973 6.6590673 6.6554372 6.6518072 6.6481772
-9999 7.1239057 7.121348 7.1187902 7.1162325 7.1134288 7.1088934 7.1073226 7.1091731 7.0969906 7.0813885 7.0657864 7.0501844 7.0348304 7.0199734 7.0099204 7.0019252 6.9939301 6.985935 6.9794883 6.9766142 6.97374 6.9708659 6.9679918 6.9513537 6.9368526 6.9319665 6.9245895 6.9159633 6.907337 6.8987108 6.8891773 6.8778952 6.866613 6.8553308 6.8440009 6.8299328 6.8190357 6.8126751 6.7988036 6.7834253 6.768047 6.7526687 6.7423156 6.7355928 6.7294322 6.7232716 6.717111 6.7109504 6.7042636 6.6972059 6.689576 6.681946 6.6743161 6.6687273 6.6702086 6.6681123 6.6644823 6.6608523 6.6572223
-9999 7.1218638 7.1193061 7.1167483 7.1132453 7.10871 7.1041746 7.1026038 7.1044543 7.1063049 7.1002935 7.0846914 7.0690894 7.0537354 7.0388784 7.0240213 7.0116942 7.0036991 6.9957039 6.9892573 6.9863832 6.983509 6.9770432 6.9589547 6.9408661 6.926365 6.9214789 6.9165929 6.9103724 6.9017462 6.8931199 6.8835865 6.8723043 6.8610221 6.8488308 6.8347627 6.8206946 6.8097974 6.8034368 6.7970762 6.7857931 6.7704148 6.7550365 6.7446834 6.737943 6.7312025 6.724906 6.7187454 6.7125847 6.705898 6.6991203 6.6922694 6.6846395 6.6770095 6.6714207 6.6729021 6.6743834 6.6735274 6.6698974 6.6662673
-9999 7.1198219 7.1172641 7.1130619 7.1085265 7.1039912 7.0994558 7.097885 7.0997355 7.101586 7.1034366 7.1035964 7.0879944 7.0726404 7.0577834 7.0429263 7.0280692 7.0134681 7.0054729 6.9990263 6.9961522 6.9846442 6.9665556 6.9484671 6.9303785 6.9158774 6.9109913 6.9061053 6.9012192 6.8961553 6.887529 6.8779956 6.8667134 6.8536606 6.8395925 6.8255244 6.8114563 6.8005592 6.7941986 6.787838 6.7814774 6.7727826 6.7574043 6.7470512 6.7403107 6.7335703 6.7268298 6.7203797 6.7142191 6.7075324 6.7007547 6.693977 6.6871993 6.679703 6.6741141 6.6755955 6.6770769 6.6785582 6.6789424 6.6753124
-9999 7.1174137 7.1128784 7.1083431 7.1038077 7.0992724 7.094737 7.0931662 7.0950167 7.0968672 7.0987178 7.1005683 7.1024189 7.0915454 7.0766884 7.0618313 7.0469742 7.0321172 7.0172601 7.0087953 6.9922451 6.9741566 6.956068 6.9379795 6.9198909 6.9053898 6.9005037 6.8956177 6.8907316 6.8858456 6.8809595 6.8724048 6.8584905 6.8444224 6.8303543 6.8162862 6.8022181 6.7913209 6.7849603 6.7785997 6.7722391 6.7658786 6.759518 6.749419 6.7426785 6.7359381 6.7291976 6.7224571 6.7158535 6.7091668 6.7023891 6.6956114 6.6888337 6.682056 6.6768076 6.6782889 6.6797703 6.6812516 6.682733 6.6842144
-9999 7.123788 7.1192526 7.1147173 7.1101819 7.1056466 7.0959002 7.089745 7.0939339 7.0957844 7.097635 7.0994855 7.1013361 7.1011835 7.0926875 7.0778304 7.0629734 7.0481163 7.0332592 7.017425 6.9993364 6.9812479 6.9631593 6.9450708 6.929318 6.9219697 6.9138562 6.9089702 6.9040841 6.8991981 6.8943121 6.8862897 6.8722216 6.8581535 6.8440854 6.8300173 6.8136641 6.7952264 6.7848677 6.7785071 6.7721465 6.7657859 6.7594253 6.7548624 6.7491621 6.7424216 6.7356811 6.7289407 6.7222002 6.7150763 6.708293 6.7015154 6.6947377 6.68796 6.6817842 6.6796879 6.6811693 6.6826506 6.684132 6.6856133
-9999 7.134986 7.1304507 7.1259153 7.12138 7.1071129 7.0897927 7.0836376 7.0903683 7.0962827 7.0981333 7.0999838 7.1018343 7.1016818 7.0975181 7.0925659 7.0777088 7.0628518 7.0479947 7.0321605 7.0140719 6.9959834 6.9778948 6.9660198 6.9596321 6.9522838 6.9423606 6.9326896 6.9278035 6.9229175 6.9180315 6.9100091 6.895941 6.8818729 6.8678048 6.8492698 6.8281457 6.809708 6.7951134 6.7823913 6.7760307 6.7696702 6.7633096 6.7587467 6.7554762 6.7506948 6.7439544 6.7372139 6.7304734 6.7233495 6.7161593 6.709276 6.7024983 6.6957206 6.6895448 6.6854537 6.6820053 6.6834867 6.684968 6.6864494
-9999 7.1461841 7.1416487 7.1356458 7.1183256 7.1010054 7.0836853 7.0775301 7.0842608 7.0909915 7.0977222 7.1004821 7.1023326 7.1021801 7.0980164 7.0938527 7.089689 7.0775873 7.0627302 7.046896 7.0288074 7.0107189 7.0027216 6.9963339 6.9899463 6.9825979 6.9726747 6.9627515 6.9528284 6.9466369 6.9417509 6.9337285 6.9196604 6.9055923 6.8848754 6.8637514 6.8426273 6.8241896 6.809595 6.7950005 6.7804059 6.7735544 6.7671938 6.762631 6.7593605 6.75609 6.7522276 6.7454872 6.7387467 6.7316227 6.7244325 6.7172423 6.7102589 6.7034812 6.6973054 6.6932143 6.6891233 6.6850322 6.6858041 6.6872855
-9999 7.1573821 7.1468585 7.1295383 7.1122182 7.094898 7.0775778 7.0714226 7.0781533 7.084884 7.0916147 7.0983454 7.1028309 7.1026784 7.0985147 7.094351 7.0901872 7.0860235 7.0774657 7.0616315 7.0458111 7.0394234 7.0330357 7.0266481 7.0202604 7.012912 7.0029888 6.9930656 6.9831425 6.9732193 6.9654703 6.9574479 6.9416052 6.9204811 6.899357 6.878233 6.8571089 6.8386712 6.8240766 6.8094821 6.7948875 6.780293 6.7710781 6.7665153 6.7632448 6.7599743 6.7567038 6.7534333 6.7470199 6.739896 6.7327058 6.7255156 6.7183253 6.7112418 6.705066 6.7009749 6.6968839 6.6927928 6.6887018 6.6881215
-9999 7.1596267 7.1423065 7.1249863 7.1076662 7.090346 7.0730258 7.0712683 7.077999 7.0847297 7.0914603 7.098191 7.1049217 7.1065866 7.1024229 7.0982592 7.0940955 7.0899317 7.085768 7.0809318 7.0745441 7.0681564 7.0617687 7.0553811 7.0489934 7.037187 7.0272638 7.0173406 7.0074174 6.9974943 6.9875711 6.973822 6.952698 6.9315739 6.9104498 6.8893257 6.8682017 6.8533504 6.8387559 6.8241613 6.8095668 6.7949722 6.7803777 6.7712846 6.7680141 6.7647437 6.7614732 6.7582027 6.7549322 6.7483196 6.7411294 6.7339392 6.726749 6.7195587 6.7124894 6.7083984 6.7043073 6.7002163 6.6961252 6.6920341
-9999 7.1628113 7.1454911 7.128171 7.1108508 7.0943925 7.0964806 7.1007238 7.1074545 7.1141852 7.1209159 7.1276465 7.1343476 7.1352913 7.1247112 7.119128 7.1149643 7.1108005 7.1066368 7.1018006 7.0954129 7.0890252 7.0826375 7.0762498 7.0695388 7.0564862 7.0266196 7.0115778 7.0016546 6.9917314 6.9818082 6.9680592 6.9469351 6.925811 6.904687 6.8835629 6.8778185 6.869013 6.8544184 6.8398239 6.8252293 6.8116897 6.8096177 6.7964498 6.7771857 6.7739152 6.7706447 6.7673743 6.7641038 6.7574912 6.750301 6.7431108 6.7359205 6.7268706 6.7182357 6.7141446 6.7100536 6.7059625 6.7025464 6.7131076
-9999 7.165996 7.1486758 7.1313556 7.1217601 7.1238481 7.1259361 7.1301793 7.13691 7.1436407 7.1503627 7.157061 7.1637592 7.1647029 7.1541228 7.1435427 7.135833 7.1316693 7.1275056 7.1226694 7.1162817 7.109894 7.1034447 7.0966655 7.0898863 7.0768338 7.0469671 7.0171004 6.9958918 6.9859686 6.9760454 6.9622964 6.9411723 6.9200482 6.9029991 6.8982401 6.893481 6.8846755 6.8700809 6.8554864 6.8455411 6.8434691 6.8413971 6.8282292 6.8070846 6.7859401 6.7798163 6.7765458 6.7732754 6.7666628 6.7594725 6.7522823 6.7425635 6.7326169 6.723982 6.7198909 6.7157999 6.715939 6.7265002 6.7370615
-9999 7.1691806 7.1518604 7.1491276 7.1512156 7.1533036 7.1553916 7.1596349 7.1663656 7.1730761 7.1797743 7.1864726 7.1931708 7.1941145 7.1835344 7.1729543 7.1623742 7.1525381 7.1483744 7.1435382 7.1371505 7.1305714 7.1237922 7.117013 7.1102339 7.0971813 7.0673146 7.037448 7.0075813 6.9802057 6.9702826 6.9565335 6.9354094 6.9234207 6.9186616 6.9139026 6.9091435 6.900338 6.8857434 6.8793924 6.8773205 6.8752485 6.8731765 6.8600086 6.838864 6.8177194 6.7965749 6.7857174 6.7824469 6.7758343 6.7682031 6.7582565 6.7483098 6.7383631 6.7297283 6.7256372 6.7293317 6.7398929 6.7504541 6.7610153
-9999 7.1744071 7.1764951 7.1785831 7.1806711 7.1827591 7.1848471 7.1890904 7.1957895 7.2024877 7.2091859 7.2158841 7.2225824 7.2235261 7.212946 7.2023659 7.1917858 7.1812057 7.1706256 7.1644069 7.1576981 7.150919 7.1441398 7.1373606 7.1305814 7.1175289 7.0876622 7.0577955 7.0279288 6.9980621 6.9681955 6.9507707 6.9438423 6.9390832 6.9343242 6.9295651 6.924806 6.9160005 6.9132438 6.9111718 6.9090998 6.9070278 6.9049558 6.891788 6.8706434 6.8494988 6.8283543 6.8072097 6.7916185 6.7838961 6.7739494 6.7640028 6.7540561 6.7441094 6.7354745 6.7427244 6.7532856 6.7638468 6.774408 6.7849692
-9999 7.18457 7.186658 7.188746 7.190834 7.1929221 7.1963098 7.2011918 7.2066707 7.2133689 7.2200672 7.2267654 7.2334636 7.2366782 7.2297494 7.2191693 7.2085892 7.1980091 7.187429 7.1779983 7.1712191 7.1644399 7.1576607 7.1508815 7.1429518 7.1307154 7.1154004 7.0855337 7.055667 7.0258003 6.9959336 6.9746429 6.9698838 6.9651247 6.9603657 6.9556066 6.9477341 6.9311761 6.9228575 6.9207855 6.9187135 6.9166415 6.9145695 6.9010462 6.879753 6.8586084 6.8374639 6.8163193 6.7951747 6.7728432 6.7628965 6.7529498 6.7430032 6.7330565 6.7305865 6.7486958 6.759257 6.7698182 6.7803794 6.7909407
-9999 7.1837795 7.1858675 7.1879555 7.1900435 7.19487 7.200701 7.205583 7.2093697 7.2137295 7.2204278 7.227126 7.2338242 7.2370388 7.2332772 7.2288144 7.2182343 7.2076542 7.1970741 7.1876433 7.1808642 7.174085 7.1673058 7.1564096 7.1414282 7.1291918 7.1243128 7.1174679 7.0876012 7.0577345 7.0278679 7.0065771 7.001818 6.997059 6.9922999 6.9804522 6.9639657 6.9474077 6.9307471 6.9178146 6.9157426 6.9136706 6.9115986 6.8980753 6.8763198 6.8548472 6.8337027 6.8125581 6.7914135 6.7685258 6.7453368 6.7323591 6.7224124 6.7124658 6.7099958 6.7334241 6.755019 6.7655802 6.7761414 6.7867026
-9999 7.182989 7.185077 7.1875991 7.1934301 7.1992611 7.2050922 7.2099742 7.2137609 7.2175476 7.2213343 7.2274866 7.2341848 7.2373994 7.2336378 7.2298762 7.2261145 7.2172993 7.2067192 7.1972884 7.1905093 7.1837301 7.1698674 7.154886 7.1399045 7.1276682 7.1227892 7.1179102 7.1130313 7.0896688 7.0598021 7.0385113 7.0337523 7.0289932 7.0131702 6.9966838 6.9801974 6.9636393 6.9469788 6.9303182 6.9136577 6.9106996 6.9086276 6.8951043 6.8733489 6.8515934 6.8299414 6.8087969 6.7876523 6.7647646 6.7415756 6.7183866 6.7018217 6.691875 6.689405 6.7128333 6.7362616 6.7596899 6.7719033 6.7824645
-9999 7.1821985 7.1861593 7.1919903 7.1978213 7.2036523 7.2094833 7.2143653 7.2181521 7.2219388 7.2257255 7.2295122 7.2345454 7.23776 7.2339984 7.2302367 7.2264751 7.2227135 7.2163643 7.2069335 7.1983066 7.1833252 7.1683438 7.1533623 7.1383809 7.1261445 7.1212656 7.1163866 7.1115076 7.1066287 7.0917363 7.0704456 7.0623747 7.0458883 7.0294018 7.0129154 6.996429 6.9798709 6.9632104 6.9465499 6.9298893 6.9132288 6.9056567 6.8921334 6.8703779 6.8486224 6.8268669 6.8051115 6.7838911 6.7610034 6.7378144 6.7146254 6.6914364 6.6712843 6.6688143 6.6922426 6.7156709 6.7390992 6.7625275 6.7782264
-9999 7.1810867 7.1869178 7.1927488 7.1985798 7.2044108 7.2102418 7.2190424 7.2228291 7.2266158 7.2304025 7.2341892 7.2379759 7.2369451 7.2331835 7.2294219 7.2256603 7.2218987 7.2181371 7.2109827 7.1960013 7.1810199 7.1660384 7.151057 7.1360756 7.1218664 7.1169569 7.1120779 7.107199 7.10232 7.097441 7.0885974 7.0721109 7.0556245 7.0391381 7.0226517 7.0061653 6.9925124 6.9758519 6.9591914 6.9425308 6.9258703 6.9092097 6.8951761 6.8734206 6.8516651 6.8299097 6.8081542 6.7863987 6.7689932 6.7458042 6.7226152 6.6994263 6.6762373 6.6558261 6.6778323 6.7012606 6.7246889 6.7481172 6.7715455
-9999 7.1680943 7.1739253 7.1797563 7.1855874 7.19336 7.2132735 7.2254511 7.2287006 7.2323748 7.2361615 7.2399482 7.2437349 7.2423115 7.2304544 7.2241576 7.220396 7.2166344 7.2128728 7.2057184 7.190737 7.1757556 7.1607741 7.1457927 7.1277546 7.1120677 7.1034155 7.097227 7.0923481 7.0874691 7.0825901 7.0737464 7.05726 7.0407736 7.0242872 7.0082633 7.0070974 6.9974904 6.9758073 6.958243 6.9415825 6.924922 6.9082614 6.9006694 6.8992271 6.8774716 6.8557162 6.8339607 6.8122052 6.8071171 6.7982759 6.7750869 6.7518979 6.728709 6.7082978 6.6975086 6.7102458 6.7336741 6.7571024 6.7805307
-9999 7.1551019 7.1609329 7.1667639 7.1799493 7.1998628 7.2197763 7.2319539 7.2352034 7.2384528 7.2419205 7.2457072 7.2494939 7.2480705 7.2362134 7.2243564 7.2151317 7.2113701 7.2076085 7.2004541 7.1854727 7.1704913 7.1545788 7.1362673 7.1179559 7.1022691 7.0936169 7.0849647 7.0774971 7.0726182 7.0677392 7.0588955 7.0424091 7.0259227 7.0150921 7.0139262 7.0127603 7.0031533 6.9814701 6.959787 6.9406342 6.9239736 6.9073131 6.8997211 6.8986483 6.8975756 6.8815227 6.8597672 6.8380117 6.8329236 6.8307162 6.8275586 6.8043696 6.7811806 6.7607695 6.7499803 6.7391912 6.7426592 6.7660875 6.7895158
-9999 7.1421094 7.1479404 7.1665386 7.1864521 7.2063656 7.226279 7.2384567 7.2417061 7.2449556 7.248205 7.2514662 7.255253 7.2538295 7.2419725 7.2301154 7.2182583 7.2064012 7.2023441 7.1951898 7.1802084 7.1630915 7.1447801 7.1264687 7.1081573 7.0924705 7.0838183 7.075166 7.0665138 7.0578616 7.0528883 7.0440446 7.0275582 7.0219208 7.0207549 7.019589 7.0184231 7.0088161 6.9871329 6.9654498 6.9437667 6.9230253 6.9063648 6.8987728 6.8977 6.8966272 6.8955545 6.8855737 6.8638182 6.8587302 6.8565227 6.8543152 6.8521077 6.8336523 6.8132411 6.802452 6.7916629 6.7808737 6.7750726 6.7985009
-9999 7.1332144 7.1531279 7.1730414 7.1929549 7.2128683 7.2327818 7.2449594 7.2482089 7.2514584 7.2547078 7.2579573 7.2612067 7.2595885 7.2477315 7.2358744 7.2240173 7.2121603 7.2003032 7.1899157 7.1716043 7.1532929 7.1349815 7.1166701 7.0983587 7.0826719 7.0740196 7.0653674 7.0567152 7.048063 7.0394107 7.0299154 7.0287495 7.0275836 7.0264177 7.0252518 7.0240859 7.0144789 6.9927958 6.9711126 6.9494295 6.9277463 6.9060632 6.8978244 6.8967517 6.8956789 6.8946062 6.8935334 6.8896247 6.8845367 6.8823292 6.8801217 6.8779142 6.8757068 6.8657128 6.8549237 6.8441345 6.8333454 6.8225563 6.8117671
-9999 7.0960098 7.1159233 7.1358368 7.1557503 7.1756637 7.2145025 7.2441412 7.2469061 7.2501555 7.253405 7.2566544 7.2599039 7.2591348 7.2495698 7.2377128 7.2258557 7.2139986 7.2021415 7.1883328 7.1700214 7.1517099 7.1333985 7.1150871 7.1017697 7.0983254 7.0958377 7.0871855 7.0785333 7.069881 7.0612288 7.0551337 7.0539678 7.0528019 7.051636 7.0504701 7.0476354 7.0401286 7.024887 7.0032039 6.9815207 6.9598376 6.9381544 6.9225657 6.9169242 6.9158514 6.9147787 6.9137059 6.9126331 6.8986537 6.8941804 6.8919729 6.8897654 6.887558 6.8865215 6.8866475 6.8758583 6.8650692 6.85428 6.8434909
