mean_models/J1_mean_vp_slide_diff_40.dat.tif
NCOLS 118
NROWS 92
XLLCORNER 139.62
YLLCORNER -39.07
DX 0.099491525
DY 0.099347826
NODATA_VALUE -9999
[rows 54 to 80 of 92, columns 0 to 59 of 118]
-9999 7.5455095 7.5624259 7.5793424 7.5962589 7.5944266 7.5910253 7.5853906 7.5771783 7.568966 7.5607537 7.5545272 7.5488233 7.5432667 7.5380048 7.5327428 7.5342478 7.5363831 7.5385183 7.5409826 7.5442058 7.547429 7.5506522 7.5494126 7.5461679 7.542911 7.5396218 7.5363325 7.5255256 7.5138252 7.5021248 7.4895039 7.4751085 7.4607131 7.4463177 7.4346681 7.4237511 7.4076667 7.3841895 7.3607122 7.3372349 7.3216815 7.3068227 7.2920635 7.2773761 7.2642913 7.2552379 7.2461845 7.2371311 7.2308144 7.2249707 7.219127 7.2178953 7.2216389 7.2233493 7.2180173 7.2126852 7.2073532 7.2045698 7.2022277
-9999 7.5703535 7.58727 7.599169 7.5957677 7.5923664 7.5889651 7.5833304 7.5751181 7.5671963 7.5614925 7.5557887 7.5500849 7.5445282 7.5392663 7.5340043 7.5287424 7.52801 7.5301453 7.5326095 7.5358327 7.5390559 7.5358601 7.5326153 7.5293706 7.5261137 7.5228244 7.5195351 7.5162458 7.5078004 7.4961 7.4834791 7.4690837 7.4549322 7.4440153 7.4330984 7.4221814 7.406097 7.3826198 7.3606806 7.3458217 7.3309628 7.3161039 7.3013448 7.2866574 7.27197 7.2575479 7.2484945 7.2394412 7.2331245 7.2272808 7.2281164 7.2318599 7.2356035 7.2373139 7.2319819 7.2268534 7.2245112 7.2221691 7.219827
-9999 7.5951976 7.6005101 7.5971088 7.5937075 7.5903062 7.5869049 7.5812702 7.5741616 7.5684578 7.562754 7.5570502 7.5513464 7.5457897 7.5405278 7.5352658 7.5300039 7.5247419 7.5217722 7.5242364 7.5255522 7.5223075 7.5190627 7.515818 7.5125732 7.5093164 7.5060271 7.5027378 7.4994485 7.4961592 7.4900752 7.4774543 7.4642794 7.4533625 7.4424456 7.4315287 7.4206117 7.4045273 7.3848207 7.3699618 7.3551029 7.340244 7.3253851 7.310626 7.2959386 7.2812512 7.2665639 7.2518765 7.2417512 7.2354345 7.2383375 7.242081 7.2458246 7.2495681 7.2512786 7.2467948 7.2444526 7.2421105 7.2397683 7.2374262
-9999 7.6005075 7.5971062 7.5937049 7.5903035 7.5869022 7.5835009 7.5827437 7.5770399 7.5713361 7.5656323 7.5599285 7.5542247 7.5476722 7.5424103 7.5371483 7.5318864 7.5266244 7.5213625 7.5167105 7.5134658 7.510221 7.5069763 7.5037315 7.5004868 7.4936829 7.4904314 7.4871421 7.4838529 7.4805636 7.4772743 7.4713796 7.4604627 7.4495458 7.4386289 7.427712 7.416795 7.4072639 7.392405 7.3775461 7.3626872 7.3478283 7.3329695 7.3215277 7.3068403 7.2921529 7.2774655 7.2627781 7.2480907 7.2463073 7.2500508 7.2537944 7.2575379 7.2612815 7.2655813 7.2637311 7.2613889 7.2590468 7.2567047 7.2543625
-9999 7.5925137 7.5891124 7.5857111 7.5823098 7.5793083 7.5791214 7.5805038 7.5836973 7.5797367 7.5740329 7.5683291 7.5626253 7.5559688 7.5474042 7.5411518 7.5358899 7.5306279 7.525366 7.520714 7.5174693 7.5142245 7.5109798 7.507735 7.4926056 7.4801955 7.4784309 7.4756509 7.4723616 7.4690723 7.465783 7.4598884 7.4489715 7.4380546 7.4271377 7.4161558 7.4014518 7.392514 7.3918257 7.3793346 7.3644757 7.3496168 7.3347579 7.3267361 7.3232764 7.308589 7.2939016 7.2792142 7.2645268 7.257038 7.2540751 7.2578186 7.2615622 7.2653057 7.2696055 7.2758321 7.2760611 7.2737189 7.2713768 7.2690347
-9999 7.58452 7.5811187 7.5777174 7.5758525 7.5756655 7.5754786 7.576861 7.5800545 7.583248 7.5824336 7.5767298 7.571026 7.5643694 7.5558048 7.5472403 7.5398934 7.5346314 7.5293695 7.5247175 7.5214728 7.518228 7.511882 7.4955001 7.4791181 7.466708 7.4649435 7.4631789 7.4608704 7.4575811 7.4542918 7.4483972 7.4374803 7.4265633 7.4144105 7.3997065 7.3850025 7.3760647 7.3753763 7.3746879 7.3662642 7.3514053 7.3365464 7.3285246 7.3254178 7.3223111 7.3103377 7.2956503 7.2809629 7.2734741 7.2672294 7.2618429 7.2655864 7.26933 7.2736298 7.2798563 7.2860829 7.2883911 7.2860489 7.2837068
-9999 7.5765262 7.5731249 7.5723966 7.5722097 7.5720228 7.5718359 7.5732182 7.5764118 7.5796053 7.5827988 7.5851304 7.5794266 7.57277 7.5642055 7.5556409 7.5470763 7.5386349 7.533373 7.528721 7.5254763 7.5147765 7.4983945 7.4820126 7.4656306 7.4532206 7.451456 7.4496915 7.4479269 7.4460899 7.4428006 7.4369059 7.425989 7.4126651 7.3979611 7.3832571 7.3685531 7.3596153 7.358927 7.3582386 7.3575502 7.3531938 7.3383349 7.3303131 7.3272063 7.3240996 7.3209928 7.3120864 7.297399 7.2899102 7.2836655 7.2774209 7.2711762 7.2733542 7.277654 7.2838806 7.2901072 7.2963337 7.3007211 7.2983789
-9999 7.5691277 7.5689408 7.5687539 7.568567 7.56838 7.5681931 7.5695755 7.572769 7.5759625 7.579156 7.5823496 7.5855431 7.5811707 7.5726061 7.5640415 7.555477 7.5469124 7.5383478 7.5327245 7.517671 7.501289 7.4849071 7.4685251 7.4521432 7.4397331 7.4379686 7.436204 7.4344395 7.4326749 7.4309104 7.4254147 7.4109198 7.3962158 7.3815118 7.3668078 7.3521038 7.343166 7.3424776 7.3417892 7.3411009 7.3404125 7.3397241 7.3321016 7.3289948 7.325888 7.3227813 7.3196745 7.3138351 7.3063463 7.3001016 7.293857 7.2876123 7.2813676 7.2816783 7.2879048 7.2941314 7.300358 7.3065846 7.3128111
-9999 7.5650717 7.5648847 7.5646978 7.5645109 7.564324 7.5689735 7.5716443 7.5696062 7.5727997 7.5759932 7.5791867 7.5823802 7.5830587 7.5769964 7.5684318 7.5598673 7.5513027 7.5427381 7.5318097 7.5154278 7.4990458 7.4826639 7.466282 7.4520767 7.4474458 7.4452995 7.4435349 7.4417704 7.4400058 7.4382413 7.432057 7.417353 7.402649 7.387945 7.373241 7.3607043 7.3507965 7.3443145 7.3436261 7.3429377 7.3422493 7.341561 7.339014 7.3356745 7.3325677 7.329461 7.3263542 7.3232475 7.3195902 7.3133789 7.3071342 7.3008895 7.2946448 7.2908913 7.2962505 7.3024771 7.3087037 7.3149303 7.3211568
-9999 7.5608359 7.560649 7.5604621 7.5602752 7.5691203 7.5807989 7.5834698 7.5757446 7.5698455 7.573039 7.5762325 7.5794261 7.5801045 7.5757465 7.5710782 7.5625137 7.5539491 7.5453845 7.5344561 7.5180742 7.5016922 7.4853103 7.4747187 7.4692407 7.4646098 7.4622493 7.4599187 7.4581542 7.4563896 7.4546251 7.4484408 7.4337368 7.4190328 7.4043288 7.3938614 7.3858494 7.3759416 7.3633215 7.3534147 7.3527263 7.352038 7.3513496 7.3488026 7.3449194 7.3413744 7.3382676 7.3351609 7.3320541 7.3283968 7.3246444 7.3190379 7.3127932 7.3065485 7.302795 7.3076706 7.312702 7.3189286 7.3251551 7.3313817
-9999 7.5566002 7.5564132 7.5575884 7.5692671 7.5809458 7.5926244 7.5952953 7.58757 7.5798448 7.5721195 7.5732784 7.5764719 7.5771504 7.5727923 7.5684342 7.5640762 7.5565955 7.548031 7.5371025 7.5207206 7.5043386 7.4973607 7.4918827 7.4864047 7.4817738 7.4794133 7.4770529 7.4746924 7.4727734 7.4710088 7.4648246 7.4501206 7.4354166 7.4270185 7.4190065 7.4109946 7.4010868 7.3884666 7.3758465 7.3632263 7.3618266 7.3611382 7.3585912 7.3547081 7.3508249 7.3470742 7.3439675 7.3408607 7.3372035 7.333451 7.3296986 7.3246968 7.3184521 7.3146986 7.3195742 7.3244498 7.3293254 7.33538 7.3416066
-9999 7.5523644 7.5577352 7.5694139 7.5810926 7.5927712 7.6044499 7.6071208 7.5993955 7.5916702 7.583945 7.5762197 7.5735177 7.5741962 7.5698381 7.5654801 7.561122 7.556764 7.5506774 7.5397489 7.5254807 7.5200027 7.5145247 7.5090467 7.5035687 7.4989378 7.4965773 7.4942168 7.4918564 7.4894959 7.4873926 7.4812084 7.4681875 7.4601756 7.4521636 7.4441517 7.4361398 7.4262319 7.4136118 7.4009916 7.3883715 7.3757513 7.3709268 7.3683798 7.3644967 7.3606136 7.3567304 7.3528473 7.3496674 7.3460101 7.3422577 7.3385052 7.3347528 7.3303557 7.3266022 7.3314778 7.3363535 7.3412291 7.3461047 7.3518315
-9999 7.5561889 7.5678676 7.5795463 7.591225 7.6029036 7.6145823 7.6163015 7.6085762 7.6008509 7.5931257 7.5854004 7.5776751 7.5731209 7.5687628 7.5644047 7.5600467 7.5556886 7.5513306 7.5466339 7.5411558 7.5356778 7.5301998 7.5247218 7.5192438 7.5141993 7.5118389 7.5094784 7.5071179 7.5047574 7.502397 7.4981061 7.4900942 7.4820823 7.4740703 7.4660584 7.4580464 7.4502844 7.4376642 7.4250441 7.4124239 7.3998038 7.3871836 7.3800467 7.3761635 7.3722804 7.3683973 7.3645141 7.360631 7.3568593 7.3531069 7.3493545 7.345602 7.3418496 7.3386284 7.343504 7.3483796 7.3532553 7.3581309 7.3630065
-9999 7.5579001 7.5695788 7.5812575 7.5929362 7.6044283 7.6119068 7.6123273 7.6046021 7.5968768 7.5891515 7.5814263 7.587502 7.5889231 7.5783971 7.5726745 7.5683164 7.5639583 7.5596003 7.5549036 7.5494256 7.5439476 7.5384696 7.5329916 7.5289433 7.524582 7.518574 7.5152774 7.512917 7.5105565 7.508196 7.5039052 7.4958932 7.4878813 7.4798694 7.4718574 7.4730469 7.468902 7.4562818 7.4436616 7.4310415 7.4197002 7.4222615 7.4131863 7.3971723 7.3932892 7.389406 7.3855229 7.3816398 7.3778681 7.3741156 7.3703632 7.3666108 7.3583123 7.3512641 7.3561397 7.3610154 7.365891 7.3710057 7.3810728
-9999 7.5596114 7.57129 7.5829687 7.5929757 7.6004542 7.6079327 7.6083532 7.6006279 7.5929027 7.5892098 7.5965968 7.6039838 7.6054049 7.5948789 7.5843528 7.5765861 7.5722281 7.56787 7.5631733 7.5576953 7.5522173 7.5470117 7.5432647 7.5395177 7.5351563 7.5291484 7.5231405 7.518716 7.5163555 7.513995 7.5097042 7.5016923 7.4936803 7.4881064 7.4898855 7.4916645 7.4875195 7.4748994 7.4622792 7.4552954 7.4578567 7.4604179 7.4513428 7.4339024 7.4164621 7.4104148 7.4065316 7.4026485 7.3988768 7.3951244 7.391372 7.3814385 7.370948 7.3638998 7.3687755 7.3736511 7.3800255 7.3900927 7.4001598
-9999 7.5613226 7.5730012 7.581523 7.5890015 7.59648 7.6039585 7.6043791 7.5966538 7.5983046 7.6056916 7.6130786 7.6204656 7.6218867 7.6113607 7.6008346 7.5903086 7.5804978 7.5761397 7.571443 7.565965 7.5613331 7.5575861 7.5538391 7.5500921 7.5457307 7.5397228 7.5337148 7.5277069 7.5221546 7.5197941 7.5155033 7.5074913 7.5049449 7.506724 7.508503 7.5102821 7.5061371 7.4935169 7.4908906 7.4934518 7.4960131 7.4985743 7.4894992 7.4720588 7.4546185 7.4371781 7.4275404 7.4236573 7.4198856 7.4150552 7.4045647 7.3940742 7.3835837 7.3765356 7.3814112 7.3890453 7.3991125 7.4091796 7.4192467
-9999 7.5625919 7.5700704 7.5775489 7.5850274 7.5925059 7.5999844 7.6004049 7.6073994 7.6147864 7.6221734 7.6295604 7.6369474 7.6383685 7.6278425 7.6173164 7.6067904 7.5962644 7.5857383 7.5797127 7.5756545 7.5719075 7.5681605 7.5644134 7.5606664 7.5563051 7.5502971 7.5442892 7.5382813 7.5322733 7.5262654 7.5213023 7.5217835 7.5235625 7.5253415 7.5271206 7.5288996 7.5247546 7.5264858 7.529047 7.5316083 7.5341695 7.5367307 7.5276556 7.5102152 7.4927749 7.4753345 7.4578942 7.444666 7.4381814 7.4276909 7.4172004 7.4067099 7.3962195 7.3891713 7.3980651 7.4081323 7.4181994 7.4282665 7.4383336
-9999 7.5610834 7.5685619 7.5760404 7.5835189 7.5909974 7.5969482 7.6009644 7.6073928 7.6147798 7.6221668 7.6295538 7.6369408 7.6422548 7.6379882 7.6274622 7.6169361 7.6064101 7.595884 7.5874079 7.5836609 7.5799138 7.5761668 7.5724198 7.5682588 7.5651605 7.5664658 7.5604578 7.5544499 7.548442 7.542434 7.5390859 7.5408649 7.542644 7.544423 7.546202 7.5480292 7.5420118 7.5360128 7.538574 7.5411353 7.5436965 7.5462577 7.5387615 7.5219816 7.5045413 7.4871009 7.4696606 7.4522203 7.435732 7.4252415 7.414751 7.4042605 7.39377 7.3900927 7.4059412 7.4160083 7.4260754 7.4361425 7.4462096
-9999 7.5609748 7.5684533 7.5759318 7.5834103 7.5876701 7.5907491 7.5947654 7.5998632 7.6054117 7.6127987 7.6201857 7.6275727 7.6328868 7.6340497 7.6340105 7.6234845 7.6129585 7.6024324 7.5939563 7.5902092 7.5864622 7.5827152 7.5774869 7.5707886 7.5676902 7.5742405 7.5798027 7.5737947 7.5677868 7.5617789 7.5584307 7.5602097 7.5619888 7.5637678 7.5656564 7.5676168 7.5615993 7.5441686 7.5318466 7.5344078 7.536969 7.5395303 7.5320341 7.5173078 7.5013247 7.4838843 7.466444 7.4490037 7.4322577 7.4156318 7.403737 7.3932465 7.382756 7.3790786 7.3990011 7.4175193 7.4275864 7.4376535 7.4477206
-9999 7.5608662 7.5683447 7.575313 7.578392 7.581471 7.5845501 7.5885663 7.5936642 7.5987621 7.6038599 7.6108177 7.6182047 7.6235187 7.6246816 7.6258445 7.6270074 7.6195068 7.6089808 7.6005046 7.5967576 7.5930106 7.5867149 7.5800166 7.5733183 7.57022 7.5767702 7.5833205 7.5898707 7.5871316 7.5811237 7.5777755 7.5795546 7.5813336 7.5832837 7.585244 7.5872043 7.5811869 7.5637561 7.5463254 7.5288947 7.5302416 7.5328028 7.5253067 7.5105803 7.495854 7.4806677 7.4632274 7.445787 7.4290411 7.4124152 7.3957893 7.3822324 7.3717419 7.3680645 7.387987 7.4079095 7.4278319 7.4391645 7.4492316
-9999 7.5607576 7.5660349 7.5691139 7.572193 7.575272 7.578351 7.5823672 7.5874651 7.592563 7.5976609 7.6027587 7.6088366 7.6141507 7.6153136 7.6164765 7.6176394 7.6188023 7.6155292 7.607053 7.6026412 7.5959429 7.5892446 7.5825464 7.5758481 7.5727497 7.5793 7.5858502 7.5924005 7.5989507 7.6004685 7.5971204 7.5989506 7.6009109 7.6028712 7.6048316 7.6067919 7.6007744 7.5833437 7.5659129 7.5484822 7.5310515 7.5260754 7.5185792 7.5038529 7.4891266 7.4744003 7.459674 7.4425704 7.4258245 7.4091986 7.3925727 7.3759467 7.3607278 7.3570505 7.3769729 7.3968954 7.4168179 7.4367403 7.4507426
-9999 7.5587105 7.5617895 7.5648685 7.5679475 7.5710265 7.5741056 7.5791559 7.5842537 7.5893516 7.5944495 7.5995474 7.6046453 7.6082657 7.6094286 7.6105915 7.6117544 7.6129173 7.6140802 7.6128659 7.6061677 7.5994694 7.5927711 7.5860729 7.5793746 7.5732503 7.5797247 7.586275 7.5928252 7.5993755 7.6059257 7.6109082 7.6128685 7.6148289 7.6167892 7.6187495 7.6207098 7.6176112 7.6001805 7.5827497 7.565319 7.5478882 7.5304575 7.520758 7.5060317 7.4913053 7.476579 7.4618527 7.4471264 7.4337231 7.4170971 7.4004712 7.3838453 7.3672194 7.3507266 7.3691549 7.3890773 7.4089998 7.4289223 7.4488447
-9999 7.5618602 7.5649393 7.5680183 7.5710973 7.5749201 7.5833941 7.5894557 7.5927332 7.5974498 7.6025477 7.6076456 7.6127435 7.6163355 7.6169118 7.6178911 7.619054 7.6202168 7.6213797 7.6201655 7.6134673 7.606769 7.6000707 7.5933725 7.5851268 7.5782544 7.5754336 7.5787315 7.5852818 7.591832 7.5983823 7.6033648 7.6053251 7.6072854 7.6092457 7.6114455 7.6213372 7.6210344 7.606147 7.5891739 7.5717432 7.5543124 7.5368817 7.5342769 7.5419233 7.527197 7.5124707 7.4977444 7.4830181 7.4761195 7.4670705 7.4504445 7.4338186 7.4171927 7.4006999 7.3846685 7.3933572 7.4132797 7.4332021 7.4531246
-9999 7.56501 7.568089 7.5711681 7.5770645 7.5855384 7.5940123 7.6000739 7.6033514 7.6066289 7.6106459 7.6157438 7.6208417 7.6244337 7.6250101 7.6255864 7.6263535 7.6275164 7.6286793 7.6274651 7.6207668 7.6140686 7.606899 7.598515 7.590131 7.5832586 7.5804378 7.577617 7.5777384 7.5842886 7.5908389 7.5958213 7.5977817 7.599742 7.6046303 7.6145219 7.6244136 7.6241108 7.6092234 7.5943361 7.5781674 7.5607366 7.5433059 7.5407011 7.5487545 7.5568079 7.5483624 7.533636 7.5189097 7.5120111 7.5064653 7.5004178 7.4837919 7.467166 7.4506732 7.4346418 7.4186103 7.4175595 7.437482 7.4574045
-9999 7.5681598 7.5712388 7.5792088 7.5876827 7.5961567 7.6046306 7.6106922 7.6139697 7.6172472 7.6205247 7.623842 7.6289399 7.6325319 7.6331083 7.6336846 7.634261 7.6348374 7.6359789 7.6347647 7.6280664 7.6202872 7.6119032 7.6035192 7.5951352 7.5882628 7.585442 7.5826212 7.5798003 7.5769795 7.5832954 7.5882779 7.5902382 7.597815 7.6077067 7.6175983 7.62749 7.6271872 7.6122998 7.5974125 7.5825251 7.5671608 7.5497301 7.5471253 7.5551787 7.5632321 7.5712855 7.5695277 7.5548014 7.5479028 7.542357 7.5368112 7.5312655 7.5171393 7.5006466 7.4846151 7.4685836 7.4525522 7.4417619 7.4616843
-9999 7.5728793 7.5813532 7.5898271 7.598301 7.6067749 7.6152488 7.6213104 7.6245879 7.6278654 7.631143 7.6344205 7.637698 7.6406301 7.6412065 7.6417828 7.6423592 7.6429356 7.643512 7.6420593 7.6336753 7.6252914 7.6169074 7.6085234 7.6001394 7.593267 7.5904462 7.5876254 7.5848045 7.5819837 7.5791628 7.5811081 7.5909998 7.6008914 7.6107831 7.6206747 7.6305664 7.6302636 7.6153762 7.6004889 7.5856015 7.5707141 7.5558268 7.5535495 7.5616029 7.5696563 7.5777097 7.5857631 7.590693 7.5837944 7.5782487 7.5727029 7.5671571 7.5616114 7.5506199 7.5345884 7.518557 7.5025255 7.486494 7.4704626
-9999 7.5267033 7.5351772 7.5436511 7.552125 7.560599 7.5938011 7.6271672 7.6360089 7.6392864 7.6425639 7.6458414 7.6491189 7.6522 7.6543681 7.6549445 7.6555209 7.6560973 7.6566737 7.6545406 7.6461566 7.6377726 7.6293886 7.6210047 7.6170362 7.6210165 7.6237292 7.6209084 7.6180875 7.6152667 7.6124458 7.6139672 7.6238588 7.6337505 7.6436421 7.6535338 7.6577165 7.6561206 7.6500964 7.635209 7.6203216 7.6054343 7.5905469 7.5793003 7.5798331 7.5878865 7.5959399 7.6039934 7.6120468 7.6035121 7.5970187 7.591473 7.5859272 7.5803814 7.5727332 7.5575717 7.5415403 7.5255088 7.5094774 7.4934459
