mean_models/J1_mean_vp_slide_diff_60.dat.tif
NCOLS 118
NROWS 92
XLLCORNER 139.62
YLLCORNER -39.07
DX 0.099491525
DY 0.099347826
NODATA_VALUE -9999
[rows 54 to 80 of 92, columns 0 to 59 of 118]
-9999 7.973839 7.9733876 7.9729361 7.9724846 7.9674051 7.9619383 7.9565837 7.9513586 7.9461335 7.9409084 7.9439286 7.9491195 7.9494817 7.9401742 7.9308668 7.9373093 7.9452187 7.9531281 7.962073 7.9734065 7.9847401 7.9960737 8.0009043 8.0028129 8.0072782 8.0185961 8.029914 8.0313283 8.0315656 8.0318028 8.0276845 8.01517 8.0026555 7.990141 7.9824175 7.9759724 7.9706921 7.9670782 7.9634643 7.9598503 7.9592301 7.9588723 7.9578417 7.9563275 7.9544777 7.9517834 7.9490891 7.9463948 7.9484069 7.9512325 7.954058 7.9579664 7.9630427 7.9677145 7.9709847 7.974255 7.9775253 7.9683639 7.9570504
-9999 7.9733671 7.9729157 7.9712257 7.9657588 7.960292 7.9548252 7.9494706 7.9442455 7.9402263 7.9454172 7.950608 7.9557989 7.9561611 7.9468536 7.9375462 7.9282388 7.9294738 7.9373832 7.9463281 7.9576616 7.9689952 7.9709751 7.9728837 7.9747922 7.9792575 7.9905754 8.0018934 8.0132113 8.0177366 8.0179738 8.0138555 8.001341 7.989252 7.982807 7.976362 7.969917 7.9646367 7.9610227 7.9579899 7.9576321 7.9572742 7.9569164 7.9558858 7.9543717 7.9528575 7.9512877 7.9485934 7.9458991 7.9479112 7.9507368 7.9551305 7.9602069 7.9652832 7.969955 7.9732253 7.9755028 7.9641894 7.952876 7.9415625
-9999 7.9728952 7.9695794 7.9641126 7.9586457 7.9531789 7.9477121 7.9423575 7.9417149 7.9469057 7.9520966 7.9572874 7.9624783 7.9628405 7.9535331 7.9442256 7.9349182 7.9256108 7.9216383 7.9305831 7.9391373 7.9410459 7.9429545 7.944863 7.9467716 7.9512369 7.9625548 7.9738727 7.9851907 7.9965086 8.0041448 8.0000265 7.9896416 7.9831966 7.9767515 7.9703065 7.9638615 7.9585812 7.9563919 7.956034 7.9556762 7.9553184 7.9549606 7.95393 7.9524158 7.9509016 7.9493874 7.9478732 7.9454034 7.9474156 7.9522946 7.957371 7.9624474 7.9675237 7.9721955 7.9713284 7.9600149 7.9487015 7.9373881 7.9260747
-9999 7.966858 7.9613911 7.9559243 7.9504575 7.9449907 7.9395239 7.9382914 7.9434823 7.9486731 7.953864 7.9590548 7.9642457 7.9687121 7.9594046 7.9500972 7.9407898 7.9314823 7.9221749 7.916259 7.9181676 7.9200762 7.9219848 7.9238933 7.9258019 7.9253903 7.9366485 7.9479665 7.9592844 7.9706023 7.9819202 7.9871709 7.9807259 7.9742808 7.9678358 7.9613908 7.9549458 7.9552024 7.9548446 7.9544868 7.954129 7.9537711 7.9534133 7.9513124 7.9497982 7.948284 7.9467698 7.9452556 7.9437414 7.9452799 7.9503563 7.9554327 7.9605091 7.9655854 7.9693036 7.958583 7.9472696 7.9359562 7.9246427 7.9133293
-9999 7.9549976 7.9495308 7.944064 7.9385971 7.9333878 7.9299907 7.9285395 7.9293342 7.9336636 7.9388545 7.9440453 7.9492362 7.9541316 7.9584352 7.9532097 7.9439022 7.9345948 7.9252874 7.9193715 7.9212801 7.9231886 7.9250972 7.9270058 7.9162444 7.909856 7.9187674 7.9292816 7.9405995 7.9519174 7.9632353 7.968486 7.962041 7.9555959 7.9491509 7.9428113 7.9425186 7.9455487 7.9533325 7.9543351 7.9539773 7.9536195 7.9532616 7.9500573 7.9449204 7.9434062 7.9418921 7.9403779 7.9388637 7.9351926 7.9341454 7.9392218 7.9442981 7.9493745 7.9530927 7.9521061 7.9438913 7.9325779 7.9212645 7.909951
-9999 7.9431372 7.9376704 7.9322036 7.9277261 7.924329 7.920932 7.9194808 7.9202754 7.92107 7.923845 7.9290359 7.9342267 7.9391221 7.9434258 7.9477294 7.9470147 7.9377073 7.9283998 7.9224839 7.9243925 7.9263011 7.9249035 7.9128068 7.9007101 7.8943218 7.9032332 7.9121446 7.9219146 7.9332325 7.9445504 7.9498011 7.9433561 7.936911 7.9324739 7.9321811 7.9318884 7.9349184 7.9427023 7.9504861 7.9538256 7.9534678 7.95311 7.9499056 7.9446549 7.9394042 7.9370143 7.9355001 7.9339859 7.9303149 7.9262711 7.9230108 7.9280872 7.9331636 7.9368818 7.9358952 7.9349086 7.9291996 7.9178862 7.9065728
-9999 7.9312769 7.92581 7.9220644 7.9186673 7.9152703 7.9118732 7.910422 7.9112166 7.9120113 7.9128059 7.9140264 7.9192173 7.9241126 7.9284163 7.93272 7.9370236 7.9408197 7.9315123 7.9255964 7.927505 7.9214659 7.9093692 7.8972725 7.8851759 7.8787875 7.8876989 7.8966103 7.9055217 7.9145476 7.9258655 7.9311162 7.9246712 7.9221364 7.9218436 7.9215509 7.9212582 7.9242882 7.9320721 7.9398559 7.9476397 7.9533161 7.9529583 7.9497539 7.9445032 7.9392525 7.9340018 7.9306223 7.9291082 7.9254371 7.9213933 7.9173495 7.9133057 7.9169527 7.9206708 7.9196843 7.9186977 7.9177111 7.9145079 7.9031945
-9999 7.9197998 7.9164027 7.9130056 7.9096086 7.9062115 7.9028144 7.9013633 7.9021579 7.9029525 7.9037471 7.9045418 7.9053364 7.9091032 7.9134068 7.9177105 7.9220142 7.9263178 7.9306215 7.9287089 7.9180283 7.9059317 7.893835 7.8817383 7.8696416 7.8632533 7.8721647 7.8810761 7.8899875 7.8988989 7.9078103 7.9124313 7.9117989 7.9115062 7.9112134 7.9109207 7.9106279 7.913658 7.9214419 7.9292257 7.9370095 7.9447934 7.9525772 7.9496023 7.9443515 7.9391008 7.9338501 7.9285994 7.9242304 7.9205594 7.9165156 7.9124718 7.908428 7.9043842 7.9044599 7.9034734 7.9024868 7.9015002 7.9005137 7.8995271
-9999 7.9170512 7.9136541 7.910257 7.90686 7.9034629 7.9008571 7.903625 7.9077007 7.9084954 7.90929 7.9100846 7.9108793 7.910444 7.9104637 7.9147674 7.9190711 7.9233748 7.9276784 7.9270229 7.9149262 7.9028295 7.8907328 7.8786362 7.8692967 7.8692654 7.8694481 7.8783595 7.8872709 7.8961824 7.9050938 7.9108613 7.9105686 7.9102758 7.9099831 7.9096904 7.9102667 7.9075597 7.9067084 7.9144922 7.922276 7.9300599 7.9378437 7.9416126 7.9382002 7.9329495 7.9276988 7.9224481 7.9171974 7.9278729 7.9240633 7.9200195 7.9159757 7.9119319 7.9066228 7.9000472 7.8990607 7.8980741 7.8970875 7.896101
-9999 7.9170465 7.9136495 7.9102524 7.9068553 7.904936 7.9034804 7.9062482 7.9138907 7.9203877 7.9211824 7.921977 7.9227716 7.9223364 7.9194384 7.9170714 7.9213751 7.9256787 7.9299824 7.9293269 7.9172302 7.9051335 7.8930368 7.8882747 7.8899897 7.8899585 7.8852466 7.8812168 7.8901282 7.8990396 7.907951 7.9137186 7.9134258 7.9131331 7.9128403 7.9142464 7.9166371 7.9139301 7.9039301 7.8979744 7.9057583 7.9135421 7.9213259 7.9250948 7.9259773 7.9241892 7.9189385 7.9136878 7.9084371 7.9191126 7.9325406 7.9329705 7.9289267 7.9248829 7.9195738 7.9098819 7.901194 7.9002074 7.8992209 7.8982343
-9999 7.9170419 7.9136448 7.9104706 7.9090149 7.9075593 7.9061036 7.9088715 7.9165139 7.9241563 7.9317987 7.9338694 7.934664 7.9342288 7.9313308 7.9284328 7.9255347 7.9279827 7.9322864 7.9316309 7.9195342 7.9074375 7.9072527 7.9089677 7.9106828 7.9106515 7.9059397 7.9012278 7.896516 7.9018968 7.9108082 7.9165758 7.9162831 7.9159903 7.9182261 7.9206168 7.9230075 7.9203005 7.9103005 7.9003006 7.8903007 7.8970243 7.9048081 7.908577 7.9094595 7.910342 7.9101783 7.9049276 7.8996768 7.9103523 7.9237803 7.9372083 7.9418777 7.9378339 7.9325248 7.9228329 7.913141 7.9034491 7.9013542 7.9003676
-9999 7.9170372 7.9145495 7.9130938 7.9116382 7.9101825 7.9087268 7.9114947 7.9191371 7.9267795 7.9344219 7.9420644 7.9465564 7.9461212 7.9432232 7.9403251 7.9374271 7.9345291 7.9345904 7.9339348 7.9245156 7.9262306 7.9279457 7.9296608 7.9313758 7.9313446 7.9266327 7.9219209 7.917209 7.9124972 7.9136655 7.9194331 7.9198152 7.9222059 7.9245965 7.9269872 7.9293779 7.9266709 7.9166709 7.906671 7.8966711 7.8866712 7.8882904 7.8920592 7.8929417 7.8938242 7.8947067 7.8955892 7.8909166 7.9015921 7.9150201 7.928448 7.941876 7.9507849 7.9454758 7.9357839 7.926092 7.9164001 7.9067082 7.9025009
-9999 7.9182058 7.9167501 7.9152945 7.9138388 7.9123831 7.9109274 7.9126328 7.9202752 7.9279176 7.93556 7.9432025 7.9508449 7.9564215 7.9535235 7.9506255 7.9477274 7.9448294 7.9419314 7.9404283 7.9421434 7.9438584 7.9455735 7.9472886 7.9490036 7.9502342 7.9455223 7.9408105 7.9360986 7.9313868 7.9266749 7.9243891 7.9267797 7.9291704 7.9315611 7.9339517 7.9363424 7.9319409 7.921941 7.911941 7.9019411 7.8919412 7.8819413 7.8781754 7.879058 7.8799405 7.880823 7.8817055 7.882588 7.8941673 7.9075952 7.9210232 7.9344512 7.9478792 7.9523834 7.9426915 7.9329997 7.9233078 7.9136159 7.903924
-9999 7.9183045 7.9168488 7.9153931 7.9139375 7.9122735 7.9061286 7.906384 7.9140264 7.9216689 7.9293113 7.9369537 7.9466258 7.9536464 7.954971 7.9530072 7.9501091 7.9472111 7.9443131 7.94281 7.9445251 7.9462401 7.9479552 7.9496703 7.9510344 7.9523756 7.9538533 7.95073 7.9460182 7.9413063 7.9365945 7.9343086 7.9366993 7.9390899 7.9414806 7.9438713 7.9389956 7.9317378 7.9217379 7.9117379 7.901738 7.8919739 7.884774 7.8803522 7.8782755 7.879158 7.8800405 7.8809231 7.8818056 7.8933848 7.9068128 7.9202408 7.9336688 7.934952 7.9292325 7.9195406 7.9098487 7.9001568 7.8910985 7.8951617
-9999 7.9184032 7.9169475 7.9154918 7.9121698 7.9060248 7.8998798 7.9001353 7.9077777 7.9154201 7.9236556 7.9335206 7.9433856 7.9504062 7.9517307 7.9530553 7.9524908 7.9495928 7.9466948 7.9451917 7.9469068 7.9486218 7.95027 7.9515603 7.9528505 7.9541917 7.9556694 7.9571471 7.9559377 7.9512259 7.946514 7.9442282 7.9466188 7.9490095 7.9494749 7.9441337 7.9387925 7.9315347 7.9215347 7.9115348 7.9025744 7.8953745 7.8881746 7.8837528 7.8813282 7.8789035 7.8792581 7.8801406 7.8810231 7.8926024 7.9060304 7.9194584 7.9163738 7.9118011 7.9060816 7.8963897 7.8866978 7.8809771 7.8850403 7.8891035
-9999 7.9185019 7.9170462 7.912066 7.905921 7.899776 7.893631 7.8938865 7.9015289 7.9105503 7.9204153 7.9302803 7.9401453 7.9471659 7.9484904 7.949815 7.9511396 7.9519745 7.9490765 7.9475734 7.9492885 7.9507959 7.9520861 7.9533763 7.9546666 7.9560078 7.9574855 7.9589632 7.9604409 7.9611454 7.9564336 7.9541477 7.9565384 7.9546129 7.9492718 7.9439306 7.9385894 7.9313316 7.9213316 7.9131749 7.905975 7.8987751 7.8915752 7.8871534 7.8847287 7.8823041 7.8798795 7.8793582 7.8802407 7.89182 7.9023683 7.8977956 7.8932229 7.8886502 7.8829307 7.8732388 7.8708557 7.8749189 7.8789821 7.8830452
-9999 7.9181072 7.9119622 7.9058172 7.8996723 7.8935273 7.8873823 7.8876378 7.897445 7.90731 7.917175 7.92704 7.936905 7.9439256 7.9452502 7.9465747 7.9478993 7.9492239 7.9505484 7.9499551 7.9513217 7.9526119 7.9539022 7.9551924 7.9564827 7.9578238 7.9593015 7.9607792 7.9622569 7.9637346 7.9652123 7.9640673 7.959751 7.9544098 7.9490687 7.9437275 7.9383863 7.9311284 7.9237754 7.9165755 7.9093756 7.9021756 7.8949757 7.8905539 7.8881293 7.8857047 7.88328 7.8808554 7.8794583 7.8837901 7.8792174 7.8746447 7.870072 7.8654993 7.8597798 7.8607343 7.8647975 7.8688607 7.8729238 7.876987
-9999 7.9112154 7.9050704 7.8989254 7.8927804 7.8866355 7.8811915 7.8757993 7.8786627 7.8885277 7.8983927 7.9082577 7.9181227 7.9268554 7.9309329 7.9322574 7.933582 7.9349065 7.9362311 7.9375453 7.9388355 7.9401258 7.941416 7.9427063 7.9445828 7.9476688 7.9463614 7.9478391 7.9493168 7.9507945 7.9522722 7.9514208 7.9460796 7.9407385 7.9353973 7.9300561 7.9256013 7.916391 7.9039151 7.8967152 7.8895152 7.8823153 7.8751154 7.8741115 7.8731166 7.870692 7.8682673 7.8658427 7.8634181 7.8541832 7.8496105 7.8450378 7.8404651 7.8358924 7.837005 7.8508898 7.854953 7.8590161 7.8630793 7.8671425
-9999 7.9039585 7.8978135 7.8916685 7.8855235 7.8808555 7.8767292 7.871337 7.8644838 7.8609215 7.8707865 7.8806514 7.8905164 7.8992492 7.9057145 7.9116511 7.9129757 7.9143002 7.9156248 7.916939 7.9182292 7.9195195 7.9208097 7.9241981 7.9296685 7.9327544 7.9294496 7.9265211 7.9279988 7.9294765 7.9309542 7.9301028 7.9247616 7.9194205 7.9140793 7.9107561 7.9087534 7.8995432 7.8800214 7.8636484 7.8564484 7.8492485 7.8420486 7.8410447 7.8444952 7.845225 7.8428004 7.8403758 7.8379512 7.8284584 7.817744 7.8117656 7.8071929 7.8026202 7.8037328 7.8245386 7.8429588 7.8470219 7.8510851 7.8551482
-9999 7.8967016 7.8905566 7.8846457 7.8805194 7.8763932 7.8722669 7.8668747 7.8600215 7.8531683 7.8463152 7.8530452 7.8629102 7.8716429 7.8781082 7.8845735 7.8910388 7.8936939 7.8950185 7.8963327 7.8976229 7.8989131 7.9038133 7.9092837 7.9147541 7.9178401 7.9145353 7.9112305 7.9079257 7.9081585 7.9096362 7.9087848 7.9034436 7.8981024 7.8959109 7.8939083 7.8919056 7.8826954 7.8631736 7.8436518 7.82413 7.8161817 7.8089818 7.8079779 7.8114284 7.8148788 7.8173335 7.8149089 7.8124843 7.8029915 7.7922771 7.7815628 7.7739206 7.7693479 7.7704605 7.7912663 7.8120721 7.8328779 7.8390909 7.843154
-9999 7.8894447 7.8843097 7.8801834 7.8760571 7.8719309 7.8678046 7.8624124 7.8555592 7.848706 7.8418529 7.8349997 7.8353039 7.8440366 7.8505019 7.8569672 7.8634325 7.8698978 7.8744121 7.8757263 7.8779582 7.8834286 7.888899 7.8943694 7.8998397 7.9029257 7.8996209 7.8963161 7.8930113 7.8897065 7.8883182 7.8874668 7.8830684 7.8810658 7.8790631 7.8770605 7.8750578 7.8658476 7.8463258 7.826804 7.8072822 7.7877604 7.775915 7.7749111 7.7783616 7.781812 7.7852624 7.7887129 7.7870173 7.7775246 7.7668102 7.7560959 7.7453815 7.7360756 7.7371882 7.757994 7.7787999 7.7996057 7.8204115 7.8311598
-9999 7.8853581 7.8812318 7.8771055 7.8729792 7.8688529 7.8647266 7.8618621 7.8550089 7.8481558 7.8413026 7.8344494 7.8275962 7.8221058 7.8285711 7.8350364 7.8415017 7.847967 7.8544322 7.8605967 7.8660671 7.8715374 7.8770078 7.8824782 7.8879486 7.8875461 7.8842566 7.8809518 7.877647 7.8743422 7.8710374 7.8681773 7.8661747 7.864172 7.8621694 7.8601668 7.8581641 7.8517036 7.8321818 7.8126601 7.7931383 7.7736165 7.7540947 7.7517059 7.7551563 7.7586067 7.7620572 7.7655076 7.768958 7.7650144 7.7543 7.7435857 7.7328713 7.722157 7.7125066 7.7321998 7.7530057 7.7738115 7.7946173 7.8154231
-9999 7.8875205 7.8833942 7.8792679 7.8751416 7.8711116 7.8676837 7.8663976 7.8675833 7.8624138 7.8555606 7.8487074 7.8418542 7.83584 7.8315058 7.8345891 7.8410544 7.8475197 7.853985 7.8601494 7.8656198 7.8710901 7.8765605 7.8820309 7.8745954 7.8679543 7.8665348 7.8638843 7.8605795 7.8572747 7.8539699 7.8511098 7.8491072 7.8471045 7.8451019 7.8433571 7.8498947 7.8462498 7.8280374 7.8087512 7.7892294 7.7697076 7.7501858 7.7521386 7.7692802 7.7727306 7.776181 7.7796315 7.7830819 7.7894908 7.7908354 7.7801211 7.7694067 7.7586924 7.749042 7.7430771 7.7555185 7.7763243 7.7971301 7.8179359
-9999 7.8896829 7.8855566 7.8814303 7.8776687 7.8742409 7.870813 7.8695268 7.8707126 7.8718983 7.8698186 7.8629654 7.8561122 7.850098 7.8457638 7.8414296 7.8406071 7.8470724 7.8535377 7.8597021 7.8651725 7.8706429 7.8721821 7.8635928 7.8550036 7.8483625 7.8469429 7.8455234 7.843512 7.8402072 7.8369024 7.8340423 7.8320397 7.830037 7.8311872 7.8377248 7.8442624 7.8406175 7.822405 7.8041926 7.7853205 7.7657987 7.7462769 7.7482297 7.7656203 7.7830109 7.7903049 7.7937553 7.7972058 7.8036147 7.8105348 7.8166564 7.8059421 7.7952278 7.7855774 7.7796125 7.7736476 7.7788371 7.7996429 7.8204487
-9999 7.8918453 7.887719 7.8842259 7.880798 7.8773701 7.8739422 7.8726561 7.8738418 7.8750276 7.8762133 7.8772234 7.8703702 7.864356 7.8600218 7.8556876 7.8513535 7.8470193 7.8530904 7.8592548 7.8647252 7.8611795 7.8525903 7.844001 7.8354117 7.8287706 7.8273511 7.8259316 7.824512 7.8230925 7.8198349 7.8169748 7.8149722 7.8190172 7.8255548 7.8320924 7.83863 7.8349851 7.8167727 7.7985602 7.7803478 7.7618898 7.7423681 7.7443209 7.7617114 7.779102 7.7964926 7.8078792 7.8113297 7.8177385 7.8246587 7.8315789 7.838499 7.8317631 7.8221128 7.8161479 7.810183 7.8042182 7.8021557 7.8229616
-9999 7.8942109 7.890783 7.8873551 7.8839272 7.8804993 7.8770714 7.8757853 7.876971 7.8781568 7.8793425 7.8805283 7.881714 7.878614 7.8742798 7.8699456 7.8656114 7.8612773 7.8569431 7.8587662 7.850177 7.8415877 7.8329984 7.8244091 7.8158199 7.8091788 7.8077593 7.8063397 7.8049202 7.8035007 7.8020812 7.8003097 7.8068473 7.8133849 7.8199225 7.8264601 7.8329977 7.8293528 7.8111403 7.7929279 7.7747155 7.756503 7.7382906 7.740412 7.7578026 7.7751932 7.7925838 7.8099743 7.8254535 7.8318624 7.8387826 7.8457027 7.8526229 7.8595431 7.8586482 7.8526833 7.8467184 7.8407535 7.8347887 7.8288238
-9999 7.893537 7.8901091 7.8866812 7.8832533 7.8798255 7.8795178 7.8802773 7.8802331 7.8814188 7.8826046 7.8837903 7.8849761 7.8851537 7.8826988 7.8783647 7.8740305 7.8696963 7.8653621 7.8597413 7.851152 7.8425627 7.8339734 7.8253842 7.8183185 7.8149918 7.8142189 7.8127994 7.8113799 7.8099604 7.8085408 7.8098392 7.8163768 7.8229144 7.829452 7.8359896 7.8410484 7.8409454 7.8310531 7.8128406 7.7946282 7.7764158 7.7582033 7.7540283 7.7662462 7.7836368 7.8010274 7.818418 7.8358086 7.835326 7.8405484 7.8474685 7.8543887 7.8613089 7.8657067 7.861027 7.8550621 7.8490972 7.8431324 7.8371675
