mean_models/J1_mean_tot_conduct_slide_17.24.dat.tif
NCOLS 118
NROWS 92
XLLCORNER 139.62
YLLCORNER -39.07
DX 0.099491525
DY 0.099347826
NODATA_VALUE -9999
[rows 26 to 51 of 92, columns 0 to 56 of 118]
-2.0349459 -2.0716003 -2.1312953 -2.1976439 -2.2687093 -2.3648467 -2.4344908 -2.510023 -2.5858261 -2.6558844 -2.7454268 -2.8332615 -2.9178293 -2.9388801 -2.9737021 -2.9725935 -2.9477206 -2.8981694 -2.8185761 -2.732966 -2.6483674 -2.57252 -2.5177996 -2.4713826 -2.4660722 -2.4665044 -2.4910516 -2.5211279 -2.5468554 -2.5799519 -2.5871754 -2.6072826 -2.6072826 -2.6055476 -2.6003112 -2.6106786 -2.5957549 -2.5608843 -2.5085203 -2.4238272 -2.3190993 -2.2010641 -2.0866488 -1.9855114 -1.9017291 -1.8672153 -1.8567425 -1.9091782 -1.9772514 -2.0900509 -2.2052516 -2.3249958 -2.4407763 -2.5608424 -2.6814126 -2.807769 -2.9477297
-2.048465 -2.0877415 -2.1573855 -2.2314173 -2.3403842 -2.4519361 -2.5663513 -2.6504797 -2.7357581 -2.8065099 -2.8612302 -2.9392326 -2.9466822 -2.9367458 -2.8969492 -2.8722399 -2.7926466 -2.7257635 -2.6212974 -2.5276471 -2.4281556 -2.3473316 -2.2880456 -2.239571 -2.2196727 -2.2148232 -2.2297469 -2.2562004 -2.3009716 -2.3415172 -2.3991175 -2.437111 -2.4918313 -2.5061997 -2.5520547 -2.5793116 -2.5793116 -2.5457184 -2.4776452 -2.3862607 -2.2605872 -2.1343032 -1.9950151 -1.8881911 -1.7891349 -1.7546211 -1.7441483 -1.801539 -1.8779036 -1.9995539 -2.1257733 -2.2557867 -2.3811676 -2.513823 -2.6416735 -2.7778198 -2.9217624
-2.0927444 -2.128633 -2.20128 -2.293935 -2.4088221 -2.5349242 -2.6556489 -2.7521394 -2.8328899 -2.8932985 -2.9263801 -2.9640242 -2.9552526 -2.8889348 -2.8210728 -2.7603991 -2.6665189 -2.5822605 -2.4836108 -2.3896744 -2.3079373 -2.2200729 -2.1612693 -2.1107566 -2.0786152 -2.0614203 -2.0607859 -2.0783113 -2.1104326 -2.1623749 -2.2294178 -2.303026 -2.3853879 -2.4375924 -2.5019372 -2.5886087 -2.6146332 -2.6038615 -2.5542603 -2.4677973 -2.3494686 -2.2245701 -2.0898371 -1.9706551 -1.8697467 -1.826562 -1.8151451 -1.8645519 -1.9421551 -2.0564221 -2.187332 -2.3093153 -2.4399159 -2.5640119 -2.6939301 -2.8202056 -2.9629353
-2.1394711 -2.1727703 -2.2523635 -2.3574628 -2.4806427 -2.6033821 -2.7327211 -2.8345171 -2.9103202 -2.9612401 -2.9761638 -2.9671808 -2.9124604 -2.8414348 -2.7518924 -2.6615675 -2.5571014 -2.4631436 -2.3686267 -2.289029 -2.2193849 -2.154101 -2.0993807 -2.0515582 -2.0117616 -1.9740222 -1.964073 -1.9565042 -1.9813771 -2.0157308 -2.0890404 -2.1743371 -2.2788032 -2.3850911 -2.4950554 -2.5945055 -2.6492258 -2.6787324 -2.6525505 -2.5943598 -2.4896319 -2.3773146 -2.2529502 -2.1427 -2.0379721 -1.9917251 -1.9760159 -2.021488 -2.0895612 -2.1989192 -2.3193563 -2.4371032 -2.5564773 -2.6751444 -2.7931217 -2.9135588 -3.040809
-2.1953542 -2.2263641 -2.3020374 -2.4071367 -2.5215329 -2.6355747 -2.7513488 -2.8470376 -2.9041109 -2.9496013 -2.9396521 -2.9299253 -2.857385 -2.7711647 -2.6716732 -2.5864477 -2.5118291 -2.4293868 -2.3895902 -2.3230145 -2.3080907 -2.2472396 -2.2123778 -2.1804922 -2.1307465 -2.0858854 -2.0311651 -2.0123137 -1.9874408 -2.0131579 -2.0655219 -2.1515533 -2.2659686 -2.3726726 -2.5134629 -2.6474348 -2.7547829 -2.8020708 -2.8326184 -2.7959279 -2.7380014 -2.6393183 -2.5385752 -2.4378203 -2.348434 -2.2964938 -2.2740594 -2.3062538 -2.3627677 -2.4531647 -2.5615166 -2.6622035 -2.7738006 -2.8622375 -2.9706871 -3.0649422 -3.1830176
-2.2487216 -2.2785134 -2.3521263 -2.4496172 -2.5576715 -2.6377627 -2.7456194 -2.8245151 -2.8769764 -2.906698 -2.8936716 -2.8598156 -2.7802224 -2.7154908 -2.6274816 -2.553685 -2.4976692 -2.4557073 -2.4402989 -2.4275786 -2.4359621 -2.4181316 -2.3932587 -2.3877499 -2.3380042 -2.2774449 -2.2091067 -2.1504838 -2.1076446 -2.0903375 -2.1248697 -2.1899326 -2.2963581 -2.423179 -2.575303 -2.7248882 -2.8415268 -2.9404113 -2.987351 -3.0056159 -2.9645182 -2.9099509 -2.8178992 -2.7387665 -2.6557363 -2.6073679 -2.5811859 -2.5977031 -2.6448307 -2.7156556 -2.8099107 -2.8893208 -2.987527 -3.0603965 -3.1442715 -3.2279064 -3.3221616
-2.3002562 -2.3447453 -2.4044402 -2.4771308 -2.5576715 -2.6377627 -2.7173559 -2.7781528 -2.8160543 -2.8338429 -2.8139446 -2.7785979 -2.7139285 -2.649259 -2.5845895 -2.5338154 -2.5139171 -2.5086928 -2.5385403 -2.5732887 -2.6230345 -2.6609326 -2.6758564 -2.672547 -2.6228013 -2.562242 -2.4726996 -2.3889186 -2.3192745 -2.2691636 -2.2744 -2.30915 -2.3986923 -2.5109358 -2.6680277 -2.8176129 -2.956901 -3.072875 -3.1566574 -3.1976884 -3.1976884 -3.161632 -3.1019371 -3.03681 -2.9687369 -2.9250588 -2.8936405 -2.9062135 -2.9323955 -2.9946144 -3.0626875 -3.1311592 -3.199469 -3.2602694 -3.3230976 -3.3911708 -3.4678717
-2.3678953 -2.4070983 -2.4604479 -2.5323413 -2.5800807 -2.614161 -2.6560108 -2.705253 -2.7234787 -2.7427069 -2.7271846 -2.6919177 -2.6441485 -2.6142968 -2.5899269 -2.5557701 -2.5811576 -2.592361 -2.6680027 -2.7189095 -2.814958 -2.85453 -2.8873911 -2.9160987 -2.8900128 -2.8294535 -2.7399111 -2.6490679 -2.5552555 -2.4965325 -2.4728565 -2.4966942 -2.5596244 -2.671549 -2.8131111 -2.9433586 -3.0745727 -3.1931793 -3.2809418 -3.3279445 -3.3349592 -3.3055101 -3.2521944 -3.1876252 -3.1195521 -3.0761132 -3.0446948 -3.0492042 -3.0711011 -3.1151421 -3.1765363 -3.2347343 -3.2996211 -3.3438396 -3.4014792 -3.454668 -3.5260329
-2.4104964 -2.4746186 -2.5243644 -2.5671792 -2.6049798 -2.5905593 -2.6190085 -2.6306013 -2.6433111 -2.6507415 -2.6373008 -2.6155466 -2.5807246 -2.5783136 -2.5634746 -2.5660593 -2.5994831 -2.6479915 -2.7294746 -2.816589 -2.9170763 -3.0020339 -3.0517797 -3.1014025 -3.0831144 -3.0501314 -2.9686271 -2.8842881 -2.7957669 -2.7184211 -2.6922391 -2.6885932 -2.7450847 -2.8283764 -2.9592864 -3.0619492 -3.1888729 -3.2865433 -3.3731423 -3.4102542 -3.420727 -3.3855508 -3.3358051 -3.272897 -3.2048238 -3.1588849 -3.1274665 -3.1344759 -3.1501851 -3.1951829 -3.2423104 -3.2943131 -3.3511017 -3.3906874 -3.4332114 -3.4815946 -3.5421878
-2.4600873 -2.5408505 -2.5905963 -2.6144552 -2.6049798 -2.5905593 -2.570661 -2.5643694 -2.554894 -2.5513937 -2.5464191 -2.5352609 -2.5352609 -2.5385744 -2.5485236 -2.5660593 -2.6158051 -2.6744843 -2.7640267 -2.8563281 -2.9607942 -3.0512791 -3.1258978 -3.1808808 -3.1858554 -3.1693487 -3.1146284 -3.0498678 -2.9802238 -2.9171167 -2.8909347 -2.8872889 -2.9270855 -2.9954299 -3.0949214 -3.1944129 -3.2939044 -3.3792679 -3.4316319 -3.455981 -3.4402718 -3.3970176 -3.3273735 -3.2591042 -3.1857947 -3.1379962 -3.1013414 -3.1094751 -3.1303155 -3.1772781 -3.2290641 -3.2761916 -3.3246089 -3.3577728 -3.3934723 -3.4301271 -3.4825791
-2.4925371 -2.5902911 -2.6424622 -2.657553 -2.6248991 -2.5669576 -2.5167887 -2.4907322 -2.4653175 -2.4609501 -2.463233 -2.459966 -2.4703132 -2.4951861 -2.5163266 -2.5343054 -2.5727073 -2.6255632 -2.6921127 -2.7786466 -2.8636977 -2.9594435 -3.0340622 -3.0974605 -3.1263432 -3.129966 -3.1196366 -3.0740222 -3.0452419 -2.9957294 -2.9980475 -2.9961008 -3.0395855 -3.0991618 -3.1892186 -3.2619137 -3.3383768 -3.4012448 -3.4277455 -3.4223129 -3.3817627 -3.316455 -3.232157 -3.1481949 -3.065522 -3.0203659 -2.9855792 -3.004812 -3.0299434 -3.0910718 -3.1462032 -3.1936296 -3.2397424 -3.2572954 -3.285376 -3.3009599 -3.3491357
-2.5013961 -2.6259863 -2.6807066 -2.6756818 -2.6283049 -2.5448199 -2.4751759 -2.419061 -2.3858972 -2.3696208 -2.3745954 -2.3864005 -2.4112733 -2.4429578 -2.4678307 -2.4894917 -2.5239259 -2.5509725 -2.6091893 -2.6628672 -2.7408712 -2.819011 -2.8936296 -2.9575294 -2.9935529 -3.0310783 -3.0342391 -3.0420442 -3.0261664 -3.0217944 -3.0345899 -3.0618753 -3.1066578 -3.1626201 -3.241166 -3.3070496 -3.371719 -3.4055768 -3.4160496 -3.3795253 -3.3166885 -3.221935 -3.1224435 -3.0208897 -2.9266345 -2.8763125 -2.8448941 -2.8738858 -2.9105406 -2.9807956 -3.0488687 -3.0988945 -3.1440893 -3.1530748 -3.1612498 -3.1685435 -3.1872456
-2.5124559 -2.6392327 -2.693953 -2.6801403 -2.5948619 -2.5004799 -2.3960138 -2.3319667 -2.2893275 -2.2703841 -2.2853078 -2.3004339 -2.345205 -2.3833491 -2.408222 -2.429883 -2.4448067 -2.464871 -2.4748202 -2.5105339 -2.5503305 -2.6136922 -2.6740486 -2.732341 -2.7870613 -2.8323826 -2.8771538 -2.9029573 -2.9328047 -2.9489394 -2.9908305 -3.0287594 -3.0884543 -3.1493126 -3.2226221 -3.2859963 -3.3357421 -3.3635805 -3.3478713 -3.3011249 -3.2068698 -3.1018887 -2.9725497 -2.8645259 -2.7545616 -2.7059258 -2.6793144 -2.7197515 -2.7780768 -2.8593792 -2.9428977 -2.9961582 -3.0447415 -3.0336869 -3.028786 -3.0078404 -3.0150427
-2.4821787 -2.6151351 -2.6648212 -2.6376172 -2.5437386 -2.4323165 -2.3210111 -2.2452466 -2.2026073 -2.1873501 -2.2137997 -2.2389692 -2.289029 -2.3437578 -2.374597 -2.3882284 -2.387982 -2.3904651 -2.3788202 -2.3857609 -2.4004718 -2.446082 -2.5015053 -2.546912 -2.6048698 -2.6622935 -2.7202177 -2.7662897 -2.8094936 -2.8449989 -2.8935384 -2.9432099 -3.0058456 -3.0700517 -3.1449726 -3.2113754 -3.2611212 -3.2817835 -3.2635887 -3.2058456 -3.1095777 -2.9857184 -2.8512943 -2.7301806 -2.6186227 -2.5720036 -2.5480632 -2.6097045 -2.6757812 -2.7877303 -2.8778001 -2.9415359 -2.9910586 -2.9621787 -2.9371777 -2.8815633 -2.8655552
-2.4525863 -2.5819196 -2.6217162 -2.5772319 -2.4730027 -2.3633922 -2.2440023 -2.164771 -2.1221318 -2.1123093 -2.1471314 -2.1921992 -2.2568686 -2.3152206 -2.3500427 -2.3685997 -2.3586506 -2.340413 -2.3155401 -2.2945652 -2.2945652 -2.3061923 -2.3459889 -2.3877725 -2.4474675 -2.5057967 -2.5704662 -2.6285157 -2.6782615 -2.7259477 -2.7783117 -2.8330672 -2.8977367 -2.9670041 -3.0455501 -3.1146702 -3.164416 -3.1877957 -3.1668502 -3.1074036 -3.0079121 -2.8828221 -2.7385594 -2.6112041 -2.4960034 -2.4494787 -2.4337695 -2.5024287 -2.5914475 -2.7126896 -2.8331267 -2.9037797 -2.9632437 -2.9293577 -2.8808598 -2.8075502 -2.745673
-2.3929776 -2.5140866 -2.5356147 -2.4911305 -2.3869012 -2.2801995 -2.1707588 -2.0983837 -2.079433 -2.0776863 -2.1423557 -2.1921992 -2.2695022 -2.3358412 -2.3756378 -2.3936922 -2.3737939 -2.3510622 -2.306291 -2.2789251 -2.2590268 -2.2664532 -2.294379 -2.3276671 -2.3823874 -2.4382271 -2.4879729 -2.5412291 -2.5760512 -2.6187468 -2.6554015 -2.70564 -2.7603603 -2.8279172 -2.9064631 -2.9791583 -3.0438277 -3.0723239 -3.0670875 -3.0097771 -2.9151874 -2.7921366 -2.6524579 -2.5251027 -2.409902 -2.368604 -2.3609144 -2.4450045 -2.5517083 -2.6943042 -2.8331267 -2.9239384 -2.9963596 -2.9576685 -2.9054817 -2.7955174 -2.7176628
-2.3445517 -2.4503257 -2.4639582 -2.405029 -2.3091111 -2.2148589 -2.1173136 -2.0865981 -2.081317 -2.0919254 -2.1601358 -2.2429959 -2.3250923 -2.4013847 -2.4411813 -2.4584948 -2.4335041 -2.4058303 -2.3603773 -2.319657 -2.2991277 -2.2887887 -2.3125013 -2.3386454 -2.3923071 -2.4316715 -2.4674149 -2.5132581 -2.5455146 -2.5584497 -2.5901739 -2.6088646 -2.6611072 -2.7137433 -2.7922892 -2.8649843 -2.9321022 -2.9738674 -2.9748026 -2.9353423 -2.8451185 -2.7284772 -2.589189 -2.4639143 -2.3487136 -2.3074156 -2.3109025 -2.4012147 -2.5299376 -2.6794781 -2.8621603 -2.9571558 -3.062693 -3.0240018 -2.9818005 -2.8701513 -2.764228
-2.3006169 -2.3764197 -2.3813943 -2.3363271 -2.2557864 -2.1934997 -2.1238557 -2.0996823 -2.1138954 -2.155159 -2.2397268 -2.3277099 -2.4222268 -2.4956116 -2.5354082 -2.5519948 -2.5221474 -2.4853527 -2.4356069 -2.3941092 -2.3692364 -2.3559906 -2.3709143 -2.3913457 -2.4361169 -2.4718468 -2.4967197 -2.5120277 -2.5170023 -2.5178193 -2.5178193 -2.5299587 -2.5697553 -2.6223914 -2.7009373 -2.7778274 -2.852446 -2.9028285 -2.9185377 -2.8850585 -2.8012762 -2.6853617 -2.5460735 -2.4229795 -2.3077788 -2.279946 -2.2904188 -2.4003334 -2.5364797 -2.7253729 -2.9191195 -3.0431643 -3.1543544 -3.1338751 -3.0885653 -2.9628918 -2.8394403
-2.2447337 -2.3205366 -2.3255112 -2.280444 -2.2354731 -2.2036232 -2.1797388 -2.1688175 -2.2256617 -2.27002 -2.3695116 -2.4581039 -2.5490025 -2.6170067 -2.6418796 -2.6566729 -2.6218508 -2.5838723 -2.529152 -2.4880252 -2.4681269 -2.4553384 -2.4702622 -2.487991 -2.5128639 -2.5432337 -2.5432337 -2.5520488 -2.5271759 -2.521673 -2.5007274 -2.5093865 -2.5392339 -2.5913452 -2.6698911 -2.7467812 -2.8213998 -2.8717823 -2.8874915 -2.8559125 -2.7764392 -2.6627427 -2.5274458 -2.4113102 -2.3077788 -2.2911151 -2.3152557 -2.4414957 -2.5923628 -2.7999453 -3.0060489 -3.1553575 -3.2785392 -3.2730119 -3.2313778 -3.1057043 -2.9767391
-2.2166759 -2.2754001 -2.2811611 -2.2582731 -2.2234203 -2.2399415 -2.2309871 -2.2599145 -2.3237011 -2.3973845 -2.4984726 -2.5945489 -2.6839422 -2.7320481 -2.7501278 -2.7525176 -2.7141973 -2.67471 -2.6217897 -2.577599 -2.5577007 -2.5479761 -2.5628998 -2.5683083 -2.5853711 -2.596727 -2.5867101 -2.5763034 -2.5452678 -2.5226976 -2.5037913 -2.5018941 -2.5333974 -2.5793809 -2.6582534 -2.7339771 -2.8060805 -2.85 -2.862107 -2.8279009 -2.748627 -2.6459017 -2.5128187 -2.4200883 -2.3227576 -2.3313759 -2.3627943 -2.5107873 -2.6731156 -2.8912664 -3.1111951 -3.265353 -3.4071014 -3.4047456 -3.3723031 -3.2466296 -3.1143727
-2.1892649 -2.2290378 -2.2439615 -2.249913 -2.249913 -2.2664342 -2.3012563 -2.3592623 -2.4445407 -2.5364714 -2.6409375 -2.7335155 -2.8031595 -2.8512655 -2.8562401 -2.8452423 -2.8004711 -2.7541883 -2.7044425 -2.6637004 -2.6438021 -2.6312143 -2.6361888 -2.6411634 -2.646138 -2.6430894 -2.6182165 -2.5895497 -2.5497531 -2.5160744 -2.5003652 -2.5018941 -2.5367161 -2.5877174 -2.6714998 -2.7472235 -2.811893 -2.85 -2.85 -2.8080313 -2.724249 -2.619409 -2.5000192 -2.4134651 -2.3506283 -2.3720997 -2.4349365 -2.5934501 -2.7819604 -3.00608 -3.2364815 -3.3927761 -3.5395652 -3.5395652 -3.51139 -3.3857165 -3.2534596
-2.1645747 -2.2100539 -2.2314316 -2.2376223 -2.2635149 -2.3163468 -2.3817984 -2.4444422 -2.5376997 -2.6262439 -2.7218492 -2.8143619 -2.8696507 -2.8945405 -2.8813868 -2.870302 -2.8255309 -2.7823148 -2.7418365 -2.7026204 -2.6874068 -2.6747754 -2.6718995 -2.6563402 -2.6278105 -2.6192682 -2.5750466 -2.5462712 -2.5064746 -2.4779938 -2.4817769 -2.4918233 -2.5490938 -2.6001386 -2.683921 -2.7512548 -2.7995587 -2.8246963 -2.8004891 -2.753201 -2.6622952 -2.5751029 -2.4751768 -2.4221982 -2.3939286 -2.450744 -2.5402775 -2.7108975 -2.9059984 -3.107903 -3.3296839 -3.4563967 -3.5949653 -3.572856 -3.5427909 -3.4171174 -3.2881521
-2.1557154 -2.1922514 -2.2171242 -2.2468488 -2.2802849 -2.3525171 -2.427927 -2.5118929 -2.6066467 -2.6942829 -2.7856019 -2.8630426 -2.9078137 -2.9208149 -2.90499 -2.8836425 -2.8407754 -2.8037797 -2.7679946 -2.7357192 -2.7207954 -2.7073251 -2.697376 -2.6606115 -2.6238315 -2.5845222 -2.5349259 -2.4940572 -2.4567749 -2.4361888 -2.4488783 -2.4829108 -2.5477587 -2.6154348 -2.6992172 -2.7497714 -2.7908585 -2.7848952 -2.7498441 -2.6817843 -2.5875292 -2.5165278 -2.4269854 -2.4171855 -2.4119491 -2.5132335 -2.6284343 -2.8063825 -3.010602 -3.1866838 -3.3909032 -3.4777522 -3.591985 -3.5508809 -3.5090904 -3.3875716 -3.2717732
-2.1446651 -2.1794089 -2.2092563 -2.2480398 -2.3001545 -2.3723867 -2.4669036 -2.5582552 -2.653009 -2.7406452 -2.8152639 -2.879357 -2.9042299 -2.9141917 -2.8942934 -2.8703962 -2.8355741 -2.8037797 -2.7838814 -2.7622119 -2.7472882 -2.7306451 -2.6958231 -2.6539883 -2.5942934 -2.5381599 -2.4734904 -2.4212022 -2.3913547 -2.3765801 -2.4132349 -2.4630413 -2.5525836 -2.6353044 -2.7190867 -2.7696409 -2.7746155 -2.7517793 -2.6732334 -2.5889214 -2.4841935 -2.4136523 -2.3639065 -2.370061 -2.4276613 -2.5493384 -2.716903 -2.8962392 -3.0900802 -3.2451873 -3.3975264 -3.4486816 -3.4992604 -3.4329327 -3.3633802 -3.2534159 -3.1459326
-2.1446651 -2.1777712 -2.2076186 -2.2504964 -2.3092398 -2.3864519 -2.4809689 -2.5733964 -2.6645453 -2.7521815 -2.8191879 -2.8669294 -2.8818561 -2.8785468 -2.8610842 -2.8461605 -2.8281321 -2.7979753 -2.787413 -2.7829003 -2.7702598 -2.7530437 -2.7115247 -2.6589738 -2.5883716 -2.5065072 -2.4329324 -2.3773688 -2.3579202 -2.3634062 -2.4212698 -2.5070195 -2.6114304 -2.7190218 -2.7944767 -2.8359453 -2.8092797 -2.7476851 -2.6307983 -2.5078055 -2.3847382 -2.3018769 -2.2744742 -2.3331727 -2.4211106 -2.5526137 -2.7384181 -2.9309203 -3.0944707 -3.2385607 -3.2909246 -3.3200592 -3.2672314 -3.1887815 -3.0783657 -2.9816842 -2.8982008
-2.1476033 -2.1801987 -2.2100462 -2.2584687 -2.3200587 -2.3924831 -2.4869326 -2.5771608 -2.6669488 -2.7409712 -2.7986589 -2.8395699 -2.8445445 -2.8404644 -2.8255407 -2.8154348 -2.8029759 -2.7973826 -2.8 -2.7984958 -2.7894699 -2.7678936 -2.7181479 -2.6599869 -2.5764441 -2.5013381 -2.4320987 -2.3900012 -2.3974202 -2.4318535 -2.5300886 -2.634529 -2.7575608 -2.8599471 -2.9280202 -2.9024871 -2.8481202 -2.7283589 -2.582878 -2.4273293 -2.2964194 -2.2360827 -2.2161844 -2.2870205 -2.4022212 -2.5642629 -2.7527732 -2.8873381 -3.0496663 -3.0696839 -3.1220478 -3.0368201 -2.9821561 -2.8671221 -2.7789945 -2.7167567 -2.6941697
