mean_models/J1_mean_vp_slide_diff_15.dat.tif
NCOLS 118
NROWS 92
XLLCORNER 139.62
YLLCORNER -39.07
DX 0.099491525
DY 0.099347826
NODATA_VALUE -9999
[rows 54 to 80 of 92, columns 0 to 59 of 118]
-9999 6.4256214 6.4306337 6.4356459 6.4406582 6.4417642 6.4425433 6.4357415 6.4201903 6.4046392 6.389088 6.3810706 6.3750365 6.3721952 6.3757475 6.3792999 6.3792699 6.3789062 6.3785426 6.3803625 6.38722 6.3940774 6.4009349 6.4061756 6.4106898 6.413144 6.4100766 6.4070093 6.4001342 6.3928065 6.3854789 6.3798149 6.377358 6.3749011 6.3724441 6.3661007 6.3587201 6.3501341 6.3398235 6.3295129 6.3192023 6.3106996 6.3023554 6.2955778 6.2899265 6.2857061 6.2850856 6.2844651 6.2838446 6.2922379 6.302189 6.3121401 6.3176659 6.3184177 6.3156614 6.3007534 6.2858453 6.2709372 6.271264 6.2742281
-9999 6.4247333 6.4297456 6.4337125 6.4344916 6.4352707 6.4360499 6.4292481 6.4136969 6.3992476 6.3932135 6.3871794 6.3811453 6.378304 6.3818563 6.3854087 6.388961 6.3901155 6.3897518 6.3915717 6.3984292 6.4052866 6.4098186 6.4143329 6.4188472 6.4213013 6.418234 6.4151666 6.4120992 6.4064202 6.3990926 6.3934286 6.3909717 6.3881695 6.3807889 6.3734084 6.3660278 6.3574417 6.3471312 6.3371715 6.3288272 6.320483 6.3121387 6.3053612 6.2997099 6.2940586 6.2886442 6.2880237 6.2874032 6.2957965 6.3057476 6.3092897 6.3100416 6.3107934 6.3080371 6.2931291 6.2794375 6.2824016 6.2853658 6.2883299
-9999 6.4238452 6.4264399 6.427219 6.4279981 6.4287773 6.4295564 6.4227546 6.4113904 6.4053564 6.3993223 6.3932882 6.3872541 6.3844128 6.3879651 6.3915175 6.3950698 6.3986222 6.4009611 6.402781 6.4089474 6.4134617 6.417976 6.4224902 6.4270045 6.4294587 6.4263913 6.4233239 6.4202565 6.4171892 6.4127063 6.4070423 6.4028578 6.3954772 6.3880966 6.380716 6.3733355 6.3647494 6.3552991 6.3469549 6.3386106 6.3302664 6.3219221 6.3151446 6.3094933 6.303842 6.2981907 6.2925394 6.2909618 6.2993551 6.3009135 6.3016654 6.3024173 6.3031691 6.3004129 6.2905751 6.2935393 6.2965034 6.2994675 6.3024317
-9999 6.4150097 6.4157888 6.416568 6.4173471 6.4181262 6.4189054 6.4247188 6.4186847 6.4126506 6.4066165 6.4005825 6.3945484 6.3913295 6.3948818 6.3984341 6.4019865 6.4055388 6.4090912 6.4129344 6.4174487 6.4219629 6.4264772 6.4309914 6.4355057 6.4359938 6.4330098 6.4299424 6.426875 6.4238076 6.4207403 6.4161996 6.408819 6.4014385 6.3940579 6.3866773 6.3792967 6.3711528 6.3628086 6.3544643 6.3461201 6.3377758 6.3294316 6.3222943 6.316643 6.3109918 6.3053405 6.2996892 6.2940379 6.2938101 6.2945619 6.2953138 6.2960657 6.2968176 6.2986478 6.3017613 6.3047255 6.3076896 6.3106537 6.3136179
-9999 6.3901586 6.3909377 6.3917169 6.392496 6.3949658 6.4093376 6.4203395 6.427452 6.4239937 6.4179596 6.4119256 6.4058915 6.4026331 6.4049332 6.40811 6.4116623 6.4152147 6.418767 6.4226102 6.4271245 6.4316387 6.436153 6.4406673 6.4365409 6.4329531 6.433249 6.431305 6.4282376 6.4251702 6.4221029 6.4175622 6.4101817 6.4028011 6.3954205 6.3879807 6.377143 6.3682602 6.362174 6.3542071 6.3458629 6.3375186 6.3291744 6.3216664 6.3147978 6.3091465 6.3034952 6.2978439 6.2921927 6.2918916 6.2925573 6.2933092 6.2940611 6.2948129 6.2966432 6.3022089 6.3059536 6.3089177 6.3118819 6.314846
-9999 6.3653075 6.3660867 6.3668658 6.3741419 6.3885137 6.4028855 6.4138874 6.4209999 6.4281124 6.4293027 6.4232686 6.4172346 6.4139762 6.4162763 6.4185763 6.4213381 6.4248905 6.4284428 6.432286 6.4368003 6.4413146 6.4435741 6.4385372 6.4335002 6.4299124 6.4302083 6.4305042 6.4296002 6.4265329 6.4234655 6.4189249 6.4115443 6.4041637 6.3956549 6.3848172 6.3739795 6.3650967 6.3590106 6.3529244 6.3456057 6.3372614 6.3289172 6.3214092 6.3145024 6.3075956 6.30165 6.2959987 6.2903474 6.2900464 6.29067 6.2913046 6.2920565 6.2928083 6.2946386 6.3002042 6.3057699 6.3101459 6.31311 6.3160742
-9999 6.3404564 6.3412356 6.353318 6.3676898 6.3820616 6.3964334 6.4074353 6.4145478 6.4216603 6.4287728 6.4346117 6.4285777 6.4253193 6.4276193 6.4299194 6.4322195 6.4345663 6.4381186 6.4419618 6.4464761 6.4455703 6.4405334 6.4354964 6.4304595 6.4268716 6.4271676 6.4274635 6.4277595 6.4278955 6.4248281 6.4202875 6.4129069 6.4033291 6.3924914 6.3816537 6.3708161 6.3619333 6.3558471 6.349761 6.3436749 6.3370042 6.32866 6.321152 6.3142452 6.3073384 6.3004315 6.2941535 6.2885022 6.2882011 6.2888247 6.2894483 6.2900719 6.2908037 6.292634 6.2981996 6.3037653 6.309331 6.3143382 6.3173023
-9999 6.3181224 6.3324942 6.346866 6.3612378 6.3756095 6.3899813 6.4009832 6.4080957 6.4152082 6.4223207 6.4294332 6.4365457 6.4366624 6.4389624 6.4412625 6.4435626 6.4458627 6.4481628 6.4516377 6.4475665 6.4425296 6.4374927 6.4324557 6.4274188 6.4238309 6.4241269 6.4244228 6.4247188 6.4250147 6.4253107 6.4216501 6.4110033 6.4001656 6.3893279 6.3784903 6.3676526 6.3587698 6.3526837 6.3465975 6.3405114 6.3344253 6.3283391 6.3208948 6.313988 6.3070812 6.3001743 6.2932675 6.286657 6.2863559 6.2869795 6.2876031 6.2882267 6.2888503 6.2906293 6.296195 6.3017607 6.3073263 6.312892 6.3184577
-9999 6.2913077 6.3056795 6.3200513 6.334423 6.3487948 6.3685759 6.3909246 6.4024097 6.4095222 6.4166347 6.4237472 6.4308597 6.4416221 6.4533041 6.4556041 6.4579042 6.4602043 6.4625044 6.4625858 6.4575489 6.452512 6.4474751 6.4424381 6.439655 6.4414683 6.4351122 6.4354081 6.4357041 6.436 6.436296 6.432789 6.4219514 6.4111137 6.400276 6.3894384 6.3761508 6.3584987 6.3473176 6.3412315 6.3351454 6.3290592 6.3229731 6.317377 6.3109687 6.3040619 6.2971551 6.2902483 6.2833415 6.2858518 6.2865225 6.2871461 6.2877697 6.2883933 6.2890766 6.2916405 6.2972062 6.3027719 6.3083375 6.3139032
-9999 6.2556383 6.2700101 6.2843819 6.2987536 6.3232274 6.3508704 6.373219 6.3894574 6.4041693 6.4112818 6.4183943 6.4255068 6.4362693 6.4543409 6.4712496 6.4735497 6.4758498 6.4781499 6.4782314 6.4731944 6.4681575 6.4631206 6.464079 6.4703321 6.4721454 6.4620591 6.4524926 6.4527886 6.4530845 6.4533805 6.4498735 6.4390359 6.4281982 6.4173606 6.4017339 6.3833315 6.3656793 6.3491004 6.3349077 6.3288215 6.3227354 6.3166493 6.3110532 6.3058095 6.2998416 6.2929348 6.286028 6.2791212 6.2816315 6.2857692 6.2872927 6.2879163 6.2885399 6.2892232 6.2901135 6.2915429 6.2971086 6.3026743 6.3082399
-9999 6.2199689 6.2343407 6.2502359 6.2778789 6.3055218 6.3331648 6.3555135 6.3717518 6.3879901 6.4042285 6.4130415 6.420154 6.4309164 6.4489881 6.4670597 6.4851313 6.4914953 6.4937954 6.4938769 6.48884 6.483803 6.488503 6.4947561 6.5010091 6.5028225 6.4927362 6.48265 6.4725637 6.470169 6.470465 6.4669581 6.4561204 6.4452827 6.4273169 6.4089145 6.3905121 6.3728599 6.3562811 6.3397022 6.3231233 6.3164116 6.3103255 6.3047294 6.2994857 6.294242 6.2887145 6.2818077 6.2749009 6.2774112 6.281549 6.2856867 6.2880629 6.2886865 6.2893698 6.2902601 6.2911503 6.2920406 6.297011 6.3025767
-9999 6.1842995 6.2048873 6.2325303 6.2601733 6.2878163 6.3154593 6.3378079 6.3540463 6.3702846 6.3865229 6.4027612 6.4148011 6.4255636 6.4436352 6.4617068 6.4797785 6.4978501 6.5094409 6.5095224 6.506674 6.5129271 6.5191801 6.5254332 6.5316862 6.5334995 6.5234133 6.513327 6.5032408 6.4931545 6.4875495 6.4840426 6.4713023 6.4528999 6.4344975 6.4160952 6.3976928 6.3800406 6.3634617 6.3468828 6.3303039 6.313725 6.3040016 6.2984056 6.2931619 6.2879181 6.2826744 6.2774307 6.2706806 6.2731909 6.2773287 6.2814664 6.2856042 6.288833 6.2895164 6.2904067 6.2912969 6.2921872 6.2930775 6.2969134
-9999 6.1619438 6.1895867 6.2172297 6.2448727 6.2725157 6.3001587 6.323689 6.3399273 6.3561657 6.372404 6.3886423 6.4048806 6.4241938 6.4422655 6.4603371 6.4784088 6.4964804 6.514552 6.5290499 6.535303 6.541556 6.547809 6.5540621 6.5603151 6.5585325 6.5484463 6.53836 6.5282738 6.5181875 6.5081013 6.4951745 6.4767721 6.4583697 6.4399674 6.421565 6.4031626 6.3862323 6.3696534 6.3530745 6.3364956 6.3199167 6.3033379 6.2929676 6.2877239 6.2824802 6.2772364 6.2719927 6.266749 6.2695043 6.2736421 6.2777799 6.2819176 6.2860554 6.2894183 6.2903086 6.2911989 6.2920891 6.2929794 6.2938697
-9999 6.158605 6.186248 6.213891 6.241534 6.2694085 6.3022667 6.3274095 6.3436478 6.3598861 6.3761245 6.3923628 6.4135881 6.4359125 6.4594894 6.4787789 6.4968506 6.5149222 6.5329939 6.5474917 6.5537448 6.5599978 6.5662509 6.5725039 6.5802784 6.5784658 6.5500986 6.5353204 6.5252342 6.5151479 6.5050617 6.4921349 6.4737325 6.4553301 6.4369278 6.4185254 6.4032186 6.3875053 6.3709264 6.3543475 6.3377686 6.321921 6.3140222 6.3014695 6.286692 6.2814483 6.2762045 6.2709608 6.2657171 6.2684724 6.2726102 6.276748 6.2808858 6.2848699 6.2881034 6.2889937 6.2898839 6.2907742 6.2920289 6.3008298
-9999 6.1552663 6.1829092 6.2105522 6.2402709 6.273129 6.3059872 6.33113 6.3473683 6.3636066 6.381302 6.4030011 6.4247002 6.4470247 6.4706016 6.4941784 6.5152924 6.5333641 6.5514357 6.5659336 6.5721866 6.5784397 6.5849826 6.5930776 6.6011726 6.59936 6.5709928 6.5426255 6.5221946 6.5121083 6.5020221 6.4890953 6.4706929 6.4522905 6.4347084 6.4196 6.4044916 6.3887783 6.3721994 6.3556205 6.3422643 6.3343655 6.3264667 6.313914 6.2980156 6.2821172 6.2751726 6.2699289 6.2646852 6.2674405 6.2715783 6.2757161 6.2796449 6.2835549 6.2867885 6.2876788 6.288569 6.2917432 6.3005441 6.309345
-9999 6.1519275 6.1795705 6.2111332 6.2439913 6.2768495 6.3097076 6.3348504 6.3510887 6.3707151 6.3924142 6.4141133 6.4358124 6.4581369 6.4817137 6.5052906 6.5288674 6.5518059 6.5698775 6.5843754 6.5906284 6.5977818 6.6058768 6.6139718 6.6220667 6.6202542 6.5918869 6.5635197 6.5351525 6.5090687 6.4989825 6.4860557 6.4676533 6.4510897 6.4359814 6.420873 6.4057646 6.3900512 6.3734723 6.3626076 6.3547088 6.34681 6.3389112 6.3263585 6.3104601 6.2945617 6.2786633 6.268897 6.2636533 6.2664086 6.27051 6.27442 6.27833 6.28224 6.2854736 6.2863638 6.2914575 6.3002584 6.3090593 6.3178602
-9999 6.1491374 6.1819955 6.2148537 6.2477118 6.2805699 6.3134281 6.3385709 6.3601282 6.3818273 6.4035264 6.4252255 6.4469246 6.469249 6.4928259 6.5164027 6.5399796 6.5635564 6.5871332 6.6028172 6.610581 6.618676 6.626771 6.6348659 6.6429609 6.6411483 6.6127811 6.5844139 6.5560467 6.5276794 6.4993122 6.4830161 6.4674711 6.4523627 6.4372543 6.422146 6.4070376 6.3913242 6.3829508 6.3750521 6.3671533 6.3592545 6.3513558 6.338803 6.3229046 6.3070063 6.2911079 6.2752095 6.2626214 6.265285 6.269195 6.2731051 6.2770151 6.2809251 6.2841586 6.2911718 6.2999727 6.3087736 6.3175745 6.3263754
-9999 6.1323243 6.1651825 6.1980406 6.2308987 6.2637569 6.3001968 6.333981 6.3562034 6.3779025 6.3996016 6.4213007 6.4429998 6.4676061 6.4948518 6.5184286 6.5420055 6.5655823 6.5891591 6.6080545 6.6161495 6.6242444 6.6323394 6.6404343 6.6477234 6.6478919 6.632739 6.6043718 6.5760046 6.5476373 6.5192701 6.4954317 6.4803233 6.4652149 6.4501065 6.4349982 6.4181302 6.3968484 6.3834977 6.3755989 6.3677001 6.3598014 6.3519026 6.3395022 6.3236675 6.3077691 6.2918707 6.2759723 6.2600739 6.2493818 6.2532918 6.2572018 6.2611119 6.2650219 6.271604 6.2845329 6.2933338 6.3021347 6.3109356 6.3197365
-9999 6.1038533 6.1367114 6.1695695 6.2024277 6.2428322 6.2860052 6.3197894 6.3427379 6.3654404 6.3871395 6.4088386 6.4305377 6.455144 6.4855722 6.5152958 6.5388726 6.5624495 6.5860263 6.6049217 6.6130166 6.6211116 6.6292065 6.6344175 6.6367666 6.6369352 6.6312593 6.6237981 6.5954309 6.5670637 6.5386964 6.514858 6.4997496 6.4846413 6.4695329 6.4504183 6.4286821 6.4074003 6.3867687 6.3693908 6.361492 6.3535933 6.3456945 6.3332941 6.3176575 6.3018997 6.2860013 6.2701029 6.2542045 6.2429071 6.2324049 6.2330161 6.2369261 6.2408361 6.2474182 6.263256 6.2780911 6.286892 6.295693 6.3044939
-9999 6.0753822 6.1082404 6.1422947 6.1854677 6.2286406 6.2718136 6.3055978 6.3285463 6.3514947 6.3744432 6.3963766 6.4180757 6.442682 6.4731101 6.5035383 6.5339664 6.5593166 6.5828935 6.6017888 6.6098838 6.6179787 6.6211116 6.6234608 6.6258099 6.6259785 6.6203026 6.6146267 6.6089508 6.58649 6.5581228 6.5342843 6.519176 6.5040676 6.4827063 6.4609701 6.4392339 6.4179522 6.3973205 6.3766889 6.3560573 6.3473852 6.3394864 6.327086 6.3114494 6.2958128 6.2801319 6.2642335 6.2483351 6.2370377 6.2265355 6.2160333 6.2127403 6.2166503 6.2232324 6.2390702 6.254908 6.2707458 6.2804503 6.2892512
-9999 6.0469112 6.0849301 6.1281031 6.171276 6.214449 6.257622 6.2914062 6.3143547 6.3373031 6.3602516 6.3832 6.4056136 6.4302199 6.4606481 6.4910762 6.5215044 6.5519325 6.5797606 6.598656 6.6054566 6.6078057 6.6101549 6.6125041 6.6148532 6.6150218 6.6093459 6.60367 6.5979941 6.5923182 6.5775491 6.5537107 6.5367306 6.5149944 6.4932582 6.471522 6.4497858 6.428504 6.4078724 6.3872408 6.3666092 6.3459775 6.3332783 6.3208779 6.3052413 6.2896047 6.2739681 6.2583316 6.2424657 6.2311683 6.220666 6.2101638 6.1996616 6.1924645 6.1990466 6.2148844 6.2307222 6.2465601 6.2623979 6.2740085
-9999 6.0265485 6.0697215 6.1128944 6.1560674 6.1992404 6.2424133 6.275675 6.2986234 6.3215719 6.3445204 6.3674688 6.3904173 6.4127988 6.443227 6.4736552 6.5040833 6.5345115 6.5649396 6.5868771 6.5892263 6.5915754 6.5939246 6.5962738 6.5986229 6.6012463 6.5956354 6.5899594 6.5842835 6.5786076 6.5729317 6.5617701 6.5400339 6.5182977 6.4965615 6.4748253 6.4530891 6.4357694 6.4151378 6.3945062 6.3738745 6.3532429 6.3326113 6.3174853 6.3018487 6.2862121 6.2705755 6.254939 6.2393024 6.2315112 6.2210089 6.2105067 6.2000045 6.1895023 6.1792677 6.1940605 6.2098983 6.2257361 6.2415739 6.2574117
-9999 6.00749 6.0506629 6.0938359 6.1370089 6.1790182 6.2137513 6.2460931 6.2756751 6.3000127 6.3229612 6.3459097 6.3688581 6.3907185 6.4103999 6.4374625 6.4678907 6.4983188 6.528747 6.5506845 6.5530336 6.5553828 6.557732 6.5600811 6.5633055 6.5663519 6.5687117 6.5658247 6.5601488 6.5544729 6.548797 6.5376354 6.5158992 6.494163 6.4724268 6.4511725 6.4453961 6.4327547 6.4102921 6.389331 6.3686994 6.3480678 6.3274362 6.3153053 6.3091137 6.2934771 6.2778406 6.262204 6.2465674 6.2464412 6.2448675 6.2343653 6.2238631 6.2133609 6.2031263 6.1938189 6.2018001 6.2176379 6.2334757 6.2493135
-9999 5.9884315 6.0316044 6.0747774 6.1135427 6.1482759 6.183009 6.2153508 6.2449328 6.2745147 6.301402 6.3243505 6.347299 6.3691593 6.3888407 6.4085221 6.431698 6.4621262 6.4925544 6.5144918 6.516841 6.5191902 6.5218059 6.5251085 6.5284112 6.5314576 6.5338174 6.5361772 6.536014 6.5303381 6.5246622 6.5135007 6.4917645 6.4700283 6.4541839 6.4484075 6.442631 6.4299897 6.4075271 6.3850645 6.3635243 6.3428927 6.322261 6.3101302 6.3041104 6.2980907 6.2851056 6.269469 6.2538325 6.2537063 6.2562607 6.2582239 6.2477217 6.2372195 6.2269849 6.2176775 6.2083701 6.2095397 6.2253775 6.2412153
-9999 5.9693729 6.0125459 6.0480673 6.0828005 6.1175336 6.1522667 6.1846086 6.2141905 6.2437724 6.2733543 6.3027913 6.3257398 6.3476002 6.3672816 6.386963 6.4066444 6.4263258 6.4563617 6.4782992 6.4806484 6.483609 6.4869116 6.4902142 6.4935168 6.4965633 6.4989231 6.5012829 6.5036427 6.5060025 6.5005275 6.4893659 6.4676297 6.4571952 6.4514188 6.4456424 6.439866 6.4272247 6.404762 6.3822994 6.3598368 6.3377175 6.3170859 6.3049551 6.2989353 6.2929155 6.2868958 6.2767341 6.2610975 6.2609713 6.2635258 6.2660802 6.2686347 6.2610781 6.2508435 6.2415361 6.2322287 6.2229212 6.2172793 6.2331171
-9999 5.9478587 5.9825919 6.017325 6.0520582 6.0867913 6.1215245 6.1538663 6.1834482 6.2130301 6.2426121 6.272194 6.3017759 6.326041 6.3457224 6.3654038 6.3850853 6.4047667 6.4244481 6.4421094 6.445412 6.4487146 6.4520172 6.4553198 6.4586225 6.4616689 6.4640287 6.4663885 6.4687483 6.4711081 6.4734679 6.465983 6.4602066 6.4544302 6.4486538 6.4428774 6.437101 6.4244596 6.401997 6.3795344 6.3570718 6.3346092 6.3121466 6.2997799 6.2937602 6.2877404 6.2817207 6.2757009 6.2683625 6.2682364 6.2707908 6.2733452 6.2758997 6.2784541 6.2747021 6.2653947 6.2560873 6.2467798 6.2374724 6.228165
-9999 5.9386839 5.9734171 6.0081502 6.0428833 6.0776165 6.114497 6.1428689 6.1641809 6.1937628 6.2233448 6.2529267 6.2825086 6.3070977 6.3229413 6.3426227 6.3623041 6.3819855 6.4016669 6.4163956 6.4196983 6.4230009 6.4263035 6.4296061 6.4329447 6.4389904 6.4499348 6.4522946 6.4546544 6.4570142 6.459374 6.4589547 6.4531783 6.4474019 6.4416255 6.4358491 6.4349879 6.4317339 6.4144969 6.3920343 6.3695717 6.3471091 6.3246465 6.3104548 6.3034316 6.2974118 6.291392 6.2853723 6.2793525 6.268921 6.2692506 6.2718051 6.2743595 6.276914 6.2774937 6.2705947 6.2612872 6.2519798 6.2426724 6.2333649
