mean_models/J1_mean_vp_slide_diff2_35.dat.tif
NCOLS 118
NROWS 92
XLLCORNER 139.62
YLLCORNER -39.07
DX 0.099491525
DY 0.099347826
NODATA_VALUE -9999
[rows 25 to 49 of 92, columns 56 to 111 of 118]
0.16235374 0.15184832 0.14134291 0.13083749 0.12997569 0.13157558 0.1304133 0.12925103 0.12808875 0.12692648 0.11786051 0.11990213 0.12210306 0.124304 0.12650493 0.12768033 0.12754343 0.12740654 0.12726965 0.12713276 0.13058913 0.11137496 0.10886439 0.10635383 0.10384326 0.1013327 0.11925652 0.14662138 0.17398624 0.2013511 0.21874727 0.22034486 0.22968673 0.23140906 0.23313139 0.23485372 0.23636527 0.2310175 0.22566973 0.22032197 0.2149742 0.20882928 0.22862368 0.23074857 0.23238444 0.23402031 0.23565618 0.2417726 0.24529835 0.24753512 0.24977188 0.25200865 0.26404455 0.27974271 0.29494342 0.31014414
0.17111241 0.160607 0.15010158 0.13959616 0.13873437 0.14442581 0.14732632 0.14616405 0.14500177 0.1438395 0.13477353 0.12543598 0.1255331 0.12773403 0.12993497 0.13111036 0.13097347 0.13083658 0.13117992 0.13500831 0.13856845 0.11817119 0.097773924 0.094192174 0.091681608 0.089171043 0.10709486 0.13445973 0.16182459 0.17505825 0.1693955 0.17099308 0.18567315 0.1966481 0.19837043 0.20009276 0.20160431 0.19625654 0.19090877 0.18556101 0.17933418 0.17300594 0.19280033 0.21537687 0.21969603 0.2213319 0.22296777 0.22908419 0.23733661 0.2412371 0.24347387 0.24571063 0.25774653 0.27502145 0.29084881 0.30604953
0.18365991 0.16987109 0.15886025 0.14835484 0.14749304 0.15318449 0.15887594 0.16307706 0.16191479 0.16075251 0.15168654 0.14234899 0.13301144 0.13116407 0.133365 0.1345404 0.13440351 0.13533084 0.13915924 0.14298763 0.14654777 0.12615051 0.10575325 0.085355981 0.079519955 0.077009389 0.094933209 0.12229807 0.13136924 0.12570648 0.12004372 0.12164131 0.13632138 0.15100145 0.16360947 0.1653318 0.16684335 0.16149558 0.15614782 0.14983908 0.14351084 0.13718259 0.15697698 0.17955352 0.20213006 0.2086435 0.21027937 0.21639578 0.22464821 0.23290063 0.23717585 0.23941262 0.25144852 0.26872343 0.28599834 0.30195492
0.19632506 0.18253625 0.16874744 0.15711351 0.15625171 0.16194316 0.16763461 0.17332606 0.1788278 0.17766553 0.16859956 0.15926201 0.14992446 0.14058691 0.13679504 0.13797044 0.13948176 0.14331016 0.14713856 0.15096696 0.1545271 0.13412983 0.11373257 0.093335302 0.072938038 0.064847736 0.082771556 0.087680224 0.082017467 0.07635471 0.070691952 0.072289539 0.086969608 0.10164968 0.11632974 0.13057084 0.13208239 0.12667223 0.12034398 0.11401574 0.10768749 0.10135924 0.12115364 0.14373018 0.16630672 0.18888326 0.19759096 0.20370737 0.2119598 0.22021222 0.22846465 0.2331146 0.2451505 0.26242541 0.27970032 0.29697524
0.20625408 0.19246526 0.17867645 0.16488763 0.16063165 0.1663231 0.17201455 0.177706 0.18339744 0.18908889 0.18323603 0.17389848 0.16456093 0.15522338 0.14588583 0.1423238 0.1461522 0.14998059 0.15380899 0.15763739 0.15909148 0.14122385 0.12082659 0.10042932 0.08003206 0.059634796 0.049315733 0.043652976 0.037990219 0.032327461 0.026664704 0.022634058 0.037314127 0.051994195 0.066674264 0.081354332 0.095408088 0.089079842 0.082751595 0.076423349 0.070095103 0.064470575 0.088482379 0.11105892 0.13363546 0.156212 0.17878854 0.19346274 0.20171516 0.20996758 0.21822001 0.22647243 0.2397957 0.25707062 0.27434553 0.29162044
0.19365825 0.17986944 0.16608062 0.15229181 0.14055757 0.13465587 0.14034732 0.14603877 0.15173022 0.15742167 0.17138726 0.16979373 0.16045617 0.15111862 0.14178107 0.13821904 0.14204744 0.14587584 0.14970424 0.14816844 0.13321095 0.13562522 0.12063254 0.10023528 0.079838015 0.05944075 0.049121688 0.043458931 0.037796173 0.032133416 0.017398381 -0.001765927 -0.014841579 -0.00016151096 0.014518557 0.029198626 0.043252382 0.036924135 0.030595889 0.024267643 0.021427755 0.048432876 0.079055995 0.10433666 0.12691321 0.14948975 0.17206629 0.19552196 0.21158843 0.21984086 0.22809328 0.2363457 0.24589941 0.25948075 0.27675567 0.29403058
0.17744999 0.16727361 0.1534848 0.13969598 0.12796175 0.11762369 0.1086801 0.11437155 0.12006299 0.12575444 0.13972003 0.15396993 0.15635142 0.14701387 0.13767632 0.13411429 0.13794269 0.14177108 0.13743992 0.12228791 0.10733042 0.10974468 0.11215895 0.10004123 0.079643969 0.059246705 0.048927643 0.043264885 0.037602128 0.020976874 0.00031605115 -0.018848257 -0.035315982 -0.051783707 -0.037637149 -0.02295708 -0.0089033246 -0.015231571 -0.021559817 -0.021615065 0.0053900565 0.032395178 0.063018296 0.094026744 0.12019095 0.14276749 0.16534403 0.18879971 0.21267449 0.22971413 0.23796655 0.24621897 0.25577268 0.26602209 0.2791658 0.29644071
0.14974103 0.1486548 0.14088897 0.12710016 0.11536592 0.10502787 0.094689809 0.084351751 0.088395769 0.094087217 0.10805281 0.12230271 0.13655261 0.14290911 0.13357156 0.13000953 0.13383793 0.12671139 0.11155938 0.096407378 0.081449887 0.083864152 0.086278417 0.088692682 0.079449924 0.05905266 0.048733597 0.04307084 0.024555367 0.003894544 -0.016766279 -0.035930588 -0.052398312 -0.068866037 -0.085333762 -0.075112787 -0.061059031 -0.067387277 -0.064657885 -0.037652763 -0.010647642 0.016357479 0.046980598 0.077989045 0.10899749 0.13604524 0.15862178 0.18207745 0.20595223 0.22982702 0.24783982 0.25609225 0.26564595 0.27589537 0.28614478 0.29885085
0.12203208 0.12094584 0.11985961 0.11450433 0.1027701 0.092432042 0.082093984 0.071755927 0.061417869 0.062419992 0.076385582 0.090635482 0.10488538 0.11913528 0.1294668 0.12590478 0.11598287 0.10083086 0.085678853 0.070526846 0.055569356 0.057983621 0.060397886 0.062812151 0.065226416 0.058858614 0.048539552 0.02813386 0.007473037 -0.013187786 -0.033848609 -0.053012918 -0.069480642 -0.085948367 -0.10241609 -0.11888382 -0.11321474 -0.1077007 -0.080695583 -0.053690462 -0.02668534 0.00031978097 0.0309429 0.061951347 0.092959794 0.12396824 0.15189952 0.1753552 0.19922998 0.22310476 0.24697954 0.26596552 0.27551922 0.28576864 0.29601806 0.30626747
0.1014001 0.10031387 0.099227632 0.098141398 0.090409804 0.080071746 0.069733688 0.05939563 0.049057573 0.038719515 0.0402175 0.0544674 0.0687173 0.082967199 0.097217099 0.098569229 0.083417223 0.068265216 0.053113209 0.037961203 0.022820806 0.032847624 0.035261889 0.037676154 0.040090419 0.042504684 0.029135904 0.0084750804 -0.012185743 -0.032846566 -0.053507389 -0.064626763 -0.08011839 -0.096586114 -0.11305384 -0.12952156 -0.14469325 -0.11768813 -0.090683007 -0.063677885 -0.036672764 -0.012807766 0.019816862 0.050825309 0.081833756 0.1128422 0.14385065 0.17016256 0.19403735 0.21791213 0.24178691 0.26566169 0.27937267 0.28962208 0.2998715 0.31012092
0.092440006 0.091353772 0.090267538 0.089181304 0.081111416 0.068295842 0.057761843 0.047423785 0.037085728 0.02674767 0.014576982 0.010876165 0.025126065 0.039375965 0.053625865 0.054977995 0.039825988 0.024673982 0.009521975 -0.0061704046 -0.021782696 -0.0013803634 0.011353835 0.0137681 0.016182365 0.01859663 0.0052278492 -0.015432974 -0.036093797 -0.05675462 -0.069733793 -0.079149687 -0.083002074 -0.096594969 -0.11306269 -0.12953042 -0.1447021 -0.11769698 -0.090691862 -0.06368674 -0.040867309 -0.023625232 0.012296735 0.047799952 0.078808399 0.10981685 0.14082529 0.16722481 0.19136748 0.21524226 0.23911705 0.26299183 0.27594384 0.28354718 0.2937966 0.30404602
0.077753476 0.082393678 0.081307444 0.08022121 0.072151322 0.059335748 0.046520173 0.03545194 0.025113883 0.014775825 0.0026051373 -0.0096285215 -0.018465169 -0.0042152694 0.01003463 0.01138676 -0.0037652462 -0.018917253 -0.034758351 -0.050773907 -0.066386199 -0.045983866 -0.025581533 -0.010139955 -0.0077256895 -0.0053114244 -0.018680205 -0.039341028 -0.059249804 -0.071753261 -0.084256717 -0.093672612 -0.097524998 -0.10137739 -0.11307155 -0.12953927 -0.14471096 -0.11770584 -0.090700717 -0.068926852 -0.051684775 -0.034442699 0.0014792683 0.039390705 0.075783041 0.10679149 0.13779994 0.16419946 0.18840176 0.2125724 0.23644718 0.26032196 0.27327397 0.28038622 0.28772169 0.29797111
0.058342639 0.065853361 0.07234735 0.071261115 0.063191228 0.050375654 0.037560079 0.024744505 0.013142038 0.0028039798 -0.0093667076 -0.021600367 -0.033834025 -0.046067684 -0.033556604 -0.032204474 -0.047356481 -0.063346297 -0.079361853 -0.095377409 -0.1109897 -0.090587368 -0.070185035 -0.049782702 -0.031633744 -0.029219479 -0.04258826 -0.061269272 -0.073772728 -0.086276185 -0.098779642 -0.10819554 -0.11204792 -0.11590031 -0.1197527 -0.12954813 -0.14471981 -0.11771469 -0.096986395 -0.079744318 -0.062502242 -0.045260165 -0.0093381981 0.028573239 0.066484676 0.10376613 0.13477458 0.1611741 0.18537641 0.20957872 0.23377732 0.2576521 0.27060411 0.27771636 0.28482861 0.29194086
0.038931801 0.046442523 0.053953245 0.061463967 0.054231134 0.04141556 0.028599985 0.015784411 0.0029688362 -0.0091678652 -0.021338553 -0.033572211 -0.04580587 -0.058039529 -0.070273188 -0.075918687 -0.091934243 -0.1079498 -0.12396536 -0.13998091 -0.1555932 -0.13519087 -0.11478854 -0.094386205 -0.073983872 -0.053581539 -0.063288739 -0.075792196 -0.088295653 -0.10079911 -0.11330257 -0.12271846 -0.12657085 -0.13042323 -0.13427562 -0.13812801 -0.14472867 -0.12504594 -0.10780386 -0.090561785 -0.073319708 -0.056077632 -0.020155665 0.017755773 0.05566721 0.093578647 0.13149008 0.15814874 0.18235105 0.20655336 0.23075567 0.25495798 0.26793424 0.27504649 0.28215875 0.289271
0.016806555 0.024317277 0.031827999 0.043117879 0.042439747 0.030085946 0.017270372 0.0044547972 -0.0083607772 -0.021176352 -0.033429342 -0.045663 -0.057896659 -0.070130318 -0.077248001 -0.082460756 -0.098476312 -0.11449187 -0.13050742 -0.14652298 -0.15098215 -0.14777407 -0.12737173 -0.1069694 -0.086567069 -0.066164736 -0.068269515 -0.080772971 -0.093276428 -0.10577988 -0.11800579 -0.12828588 -0.13451667 -0.13836906 -0.14222144 -0.14607383 -0.14929734 -0.13205526 -0.11481318 -0.097571106 -0.08032903 -0.057568566 -0.020920023 0.016991414 0.054902851 0.092814288 0.13118588 0.16009918 0.18430149 0.2085038 0.23270611 0.25822028 0.27227417 0.27938642 0.28649867 0.29361092
-0.0062367409 0.001273981 0.01418139 0.029193417 0.028515286 0.017175028 0.0051393542 -0.0076762202 -0.020491795 -0.033307369 -0.045560359 -0.057794018 -0.070027677 -0.074146663 -0.070917168 -0.076129923 -0.092145479 -0.10816104 -0.12340705 -0.12643398 -0.12942583 -0.12928392 -0.12912522 -0.10872289 -0.088320558 -0.067918225 -0.070023004 -0.08252646 -0.095029917 -0.10706299 -0.11828526 -0.12856535 -0.13714771 -0.14409041 -0.1479428 -0.15179518 -0.15501869 -0.13777661 -0.12053454 -0.10329246 -0.079723577 -0.054932825 -0.018284282 0.019627155 0.057538592 0.096024016 0.13481921 0.1637325 0.18793481 0.21213712 0.23789339 0.26493101 0.2789849 0.28609715 0.2932094 0.29666429
-0.029280037 -0.014755099 0.0002569281 0.015268956 0.014590824 0.0032505666 -0.0080896907 -0.019807238 -0.032622812 -0.045438387 -0.057691377 -0.069925035 -0.071045326 -0.067815831 -0.064586336 -0.069799091 -0.085814647 -0.098823791 -0.10185073 -0.10487767 -0.10786951 -0.1077276 -0.10758568 -0.10744377 -0.090074047 -0.069671714 -0.071776493 -0.08427995 -0.096120193 -0.10734246 -0.11856473 -0.12884482 -0.13742718 -0.14600955 -0.15366415 -0.15751654 -0.16074005 -0.14349797 -0.12625589 -0.10187859 -0.077087836 -0.052297084 -0.015648541 0.022262896 0.060862149 0.099657339 0.13845253 0.16736583 0.19156814 0.21756651 0.24460412 0.27164174 0.28569562 0.29280788 0.29566511 0.29577794
-0.043691589 -0.028679561 -0.013667534 0.0013444939 0.00066636211 -0.010673895 -0.022014152 -0.03335441 -0.04475383 -0.057569404 -0.069822394 -0.067943989 -0.064714494 -0.061484999 -0.058255504 -0.063468259 -0.074240535 -0.077267472 -0.08029441 -0.083321348 -0.086313196 -0.086171279 -0.086029363 -0.085887447 -0.085745531 -0.071425203 -0.073529982 -0.085177395 -0.096399663 -0.10762193 -0.1188442 -0.12912429 -0.13770665 -0.14628902 -0.15487138 -0.16323789 -0.1664614 -0.14882435 -0.1240336 -0.099242847 -0.074452095 -0.049661343 -0.0130128 0.025700282 0.064495472 0.10329066 0.14208585 0.17099915 0.19723962 0.22427724 0.25131485 0.27835247 0.29240635 0.29466593 0.29477876 0.29489158
-0.059038661 -0.044026633 -0.029014606 -0.014002578 -0.010742892 -0.022083149 -0.033423407 -0.044763664 -0.056103921 -0.067444179 -0.065773859 -0.062544364 -0.059314869 -0.056085374 -0.052855879 -0.052370901 -0.055397839 -0.058424776 -0.061451714 -0.064478652 -0.067117016 -0.067459537 -0.067317621 -0.067175705 -0.067033788 -0.066891872 -0.074522904 -0.085745172 -0.096967441 -0.10818971 -0.11941198 -0.12754675 -0.13612911 -0.14471147 -0.15329384 -0.1618762 -0.16946363 -0.14467288 -0.11988212 -0.095091371 -0.070300619 -0.045483838 -0.0080597391 0.030735451 0.06953064 0.10832583 0.14712102 0.17666605 0.20370367 0.23074129 0.25777891 0.28481653 0.29264905 0.29276187 0.29287469 0.29298752
-0.08511514 -0.070103112 -0.055091085 -0.040079057 -0.023924067 -0.014522569 -0.025862826 -0.037203083 -0.04854334 -0.059883598 -0.06473666 -0.064167961 -0.060938466 -0.057708972 -0.054479477 -0.053994498 -0.057021436 -0.060048374 -0.063075311 -0.065235206 -0.065341649 -0.069211681 -0.070059832 -0.069917916 -0.069776 -0.069634084 -0.077265115 -0.088487384 -0.099709652 -0.11093192 -0.11623895 -0.11795686 -0.12054588 -0.12912824 -0.1377106 -0.14629297 -0.15388039 -0.12908964 -0.10429889 -0.079508136 -0.054620284 -0.028978782 0.0078164904 0.046343417 0.085138607 0.1239338 0.16272899 0.18654741 0.20830728 0.2353449 0.26238252 0.28942014 0.29021294 0.2831822 0.28329503 0.28340785
-0.1060027 -0.096179592 -0.081167564 -0.066155537 -0.050000547 -0.033068866 -0.018302245 -0.029642502 -0.040982759 -0.052323017 -0.057176079 -0.061806234 -0.062562064 -0.059332569 -0.056103074 -0.055618096 -0.058645033 -0.061671971 -0.063395538 -0.063459839 -0.063566282 -0.067436315 -0.071306347 -0.072660127 -0.072518211 -0.072376295 -0.080007326 -0.091229595 -0.10245186 -0.10654621 -0.10814633 -0.10986424 -0.11179437 -0.11372451 -0.12212737 -0.13070973 -0.13829716 -0.11350641 -0.088715653 -0.06375673 -0.038115228 -0.012473726 0.024321546 0.062304732 0.10074657 0.13954176 0.17833695 0.20215538 0.21883394 0.23994851 0.26698613 0.29402374 0.29481655 0.28157781 0.27371536 0.27382818
-0.11113751 -0.11372695 -0.10724404 -0.092232016 -0.076077026 -0.059145345 -0.042213664 -0.025281983 -0.033422178 -0.044762436 -0.049615498 -0.054245653 -0.058875808 -0.060956166 -0.057726671 -0.057241693 -0.06026863 -0.06155587 -0.061620171 -0.061684472 -0.061790915 -0.065660948 -0.06953098 -0.073401013 -0.075260423 -0.075118506 -0.082749538 -0.093971806 -0.096853465 -0.098453589 -0.10005371 -0.10177162 -0.10370175 -0.10563189 -0.10756202 -0.1151265 -0.12271392 -0.097923171 -0.072893177 -0.047251674 -0.021610172 0.0040313299 0.040826602 0.078809788 0.11679297 0.15514973 0.19394492 0.21776334 0.2344419 0.25112047 0.27158974 0.29862735 0.29942016 0.28618141 0.27294267 0.26424852
-0.11627231 -0.11886175 -0.1214512 -0.11830849 -0.10215351 -0.085221824 -0.068290143 -0.051358462 -0.034426781 -0.037201855 -0.042054917 -0.046685072 -0.051315227 -0.055945382 -0.059350268 -0.05886529 -0.059716202 -0.059780504 -0.059844805 -0.059909106 -0.060015548 -0.063885581 -0.067755614 -0.071625646 -0.075495679 -0.077860718 -0.085491749 -0.087160721 -0.088760845 -0.090360969 -0.091961093 -0.093678998 -0.095609133 -0.097539269 -0.099469405 -0.10139954 -0.10713069 -0.082029623 -0.056388121 -0.030746618 -0.0051051163 0.020536386 0.057331658 0.095314844 0.13329803 0.17128122 0.20955288 0.23337131 0.25004987 0.26672843 0.28340699 0.30323096 0.30402376 0.29078502 0.27754628 0.26430754
-0.11289876 -0.11548821 -0.11807765 -0.12113843 -0.11799627 -0.10106459 -0.084132908 -0.067201227 -0.050269546 -0.033337865 -0.03725174 -0.041881895 -0.04651205 -0.051142204 -0.055772359 -0.052428704 -0.052493005 -0.052557306 -0.052621607 -0.052685908 -0.060195314 -0.057262228 -0.06113226 -0.065002293 -0.068872326 -0.072742358 -0.075059804 -0.076659928 -0.078260053 -0.079860177 -0.081460301 -0.078914877 -0.079619959 -0.081550094 -0.08348023 -0.085410365 -0.086518519 -0.060877017 -0.035235514 -0.0095940122 0.01604749 0.0413624 0.078065439 0.11604863 0.15403181 0.192015 0.22698144 0.24260832 0.25928688 0.27596544 0.292644 0.30813703 0.30016635 0.28692761 0.27368887 0.26045013
-0.096003452 -0.098592897 -0.1031719 -0.11201829 -0.1096845 -0.09975329 -0.083711894 -0.066780213 -0.049848532 -0.032916851 -0.036830726 -0.041460881 -0.046091036 -0.049068264 -0.041030977 -0.036547623 -0.036611924 -0.036676225 -0.036740526 -0.047803379 -0.063922403 -0.052440517 -0.046804317 -0.05067435 -0.054544382 -0.058414415 -0.060731861 -0.062331985 -0.063932109 -0.065532233 -0.067630857 -0.065180813 -0.05452283 -0.053011438 -0.054941573 -0.056871709 -0.057979862 -0.03233836 -0.0066968578 0.018944644 0.044133357 0.068816619 0.10551966 0.14350285 0.18148603 0.21267266 0.22609349 0.24172037 0.25839893 0.27507749 0.28895029 0.29083307 0.28286239 0.26962365 0.25638491 0.24449394
