mean_models/J1_mean_vp_slide_diff2_240.dat.tif
NCOLS 118
NROWS 92
XLLCORNER 139.62
YLLCORNER -39.07
DX 0.099491525
DY 0.099347826
NODATA_VALUE -9999
[rows 48 to 71 of 92, columns 0 to 52 of 118]
-9999 -0.075261538 -0.071196738 -0.067131939 -0.063067139 -0.059002339 -0.05493754 -0.053678092 -0.041474233 -0.029270374 -0.017066515 -0.0048626566 0.0073412023 0.012208414 -0.00062775835 -0.015093495 -0.029559231 -0.044024967 -0.058490703 -0.070031249 -0.074823258 -0.079615268 -0.084407277 -0.089199286 -0.093991296 -0.094599363 -0.09479528 -0.093908456 -0.093021633 -0.092134809 -0.091247986 -0.088604929 -0.082576418 -0.076547906 -0.070519394 -0.064490882 -0.05846237 -0.057278956 -0.05957601 -0.061873063 -0.064170117 -0.06646717 -0.068968856 -0.069289071 -0.072899391 -0.076509712 -0.080120032 -0.083730353 -0.087340673 -0.092870265 -0.09873156 -0.10459285 -0.11045415
-9999 -0.067946226 -0.063881427 -0.059816627 -0.055751827 -0.055976451 -0.064505321 -0.063409543 -0.051205684 -0.039001825 -0.026797966 -0.015175059 -0.0057452199 -0.0012779434 -0.006748485 -0.016603581 -0.031069318 -0.045535054 -0.06000079 -0.071541336 -0.076333345 -0.081125355 -0.085917364 -0.089819754 -0.087030011 -0.086015049 -0.089756942 -0.091384139 -0.090497315 -0.089610491 -0.088723668 -0.086080612 -0.0800521 -0.074023588 -0.067995076 -0.062601935 -0.059381445 -0.05843095 -0.060728003 -0.063025057 -0.06532211 -0.068568783 -0.073461364 -0.073050974 -0.068828344 -0.071094814 -0.074705134 -0.078315455 -0.081925775 -0.087455367 -0.093316662 -0.099177956 -0.10503925
-9999 -0.060630915 -0.056566115 -0.052501315 -0.057179031 -0.065707901 -0.074236772 -0.073140993 -0.060937135 -0.048733276 -0.038091256 -0.028661416 -0.019231577 -0.0147643 -0.020234842 -0.025705383 -0.032579405 -0.047045141 -0.061510877 -0.073051423 -0.077843432 -0.082635442 -0.084025181 -0.081235439 -0.078445697 -0.077430734 -0.081172627 -0.084914521 -0.087972997 -0.087086174 -0.08619935 -0.083556294 -0.077527782 -0.07149927 -0.066974419 -0.063753928 -0.060533438 -0.059582943 -0.061879996 -0.06417705 -0.06816871 -0.073061292 -0.077953873 -0.077543483 -0.073320853 -0.069098223 -0.069290236 -0.072900557 -0.076510877 -0.082040469 -0.087901764 -0.093319826 -0.096838983
-9999 -0.053315603 -0.049852741 -0.058381612 -0.066910482 -0.075439352 -0.083968222 -0.082872444 -0.070668585 -0.061007452 -0.051577613 -0.042147773 -0.032717934 -0.028250657 -0.033721199 -0.039191741 -0.044662282 -0.050132824 -0.063020964 -0.07456151 -0.079353519 -0.078230609 -0.075440867 -0.072651125 -0.069861382 -0.06884642 -0.072588313 -0.076330206 -0.080072099 -0.083813992 -0.083675032 -0.081031976 -0.075003464 -0.071346902 -0.068126412 -0.064905922 -0.061685432 -0.060734936 -0.06303199 -0.067768637 -0.072661219 -0.0775538 -0.082446382 -0.082035991 -0.077813361 -0.073590732 -0.069368102 -0.067485659 -0.071095979 -0.076625571 -0.081475321 -0.084994478 -0.088513635
-9999 -0.051055322 -0.059584192 -0.068113062 -0.076641933 -0.085170803 -0.093699673 -0.093353488 -0.083923648 -0.074493809 -0.06506397 -0.05563413 -0.046204291 -0.041737014 -0.047207556 -0.052678098 -0.058148639 -0.063619181 -0.069089722 -0.07522578 -0.072436037 -0.069646295 -0.066856552 -0.06406681 -0.061277068 -0.060262105 -0.064003998 -0.067745892 -0.071487785 -0.075229678 -0.078971571 -0.078939875 -0.075719385 -0.072498895 -0.069278405 -0.066057915 -0.062837425 -0.062475983 -0.067368564 -0.072261146 -0.077153728 -0.082046309 -0.086938891 -0.0865285 -0.08230587 -0.07808324 -0.073860611 -0.069637981 -0.065681081 -0.069630815 -0.073149973 -0.07666913 -0.080188288
-9999 -0.054436085 -0.062964955 -0.071493826 -0.080022696 -0.088551566 -0.092525345 -0.08864037 -0.079210531 -0.069780691 -0.060350852 -0.050921012 -0.048229911 -0.052038929 -0.054363031 -0.059833572 -0.065304114 -0.070774655 -0.076245197 -0.079217952 -0.07642821 -0.073638468 -0.070848725 -0.068058983 -0.063549552 -0.059706889 -0.064676932 -0.068418825 -0.072160718 -0.075902611 -0.079644505 -0.081008275 -0.077787785 -0.074567295 -0.071346805 -0.068126315 -0.06557943 -0.066476304 -0.071368886 -0.076261467 -0.081154049 -0.08604663 -0.089460151 -0.088518402 -0.084628995 -0.080406365 -0.076183736 -0.071961106 -0.067738476 -0.070116808 -0.073635965 -0.077155123 -0.08067428
-9999 -0.056754345 -0.065283215 -0.073812086 -0.082340956 -0.08384796 -0.084767359 -0.080882385 -0.071452545 -0.062022706 -0.052592866 -0.05457518 -0.059561826 -0.063370844 -0.064821597 -0.066272349 -0.071400399 -0.07687094 -0.082341482 -0.085314237 -0.082524495 -0.079734753 -0.07694501 -0.071093299 -0.063865737 -0.060023074 -0.065252787 -0.0704825 -0.074382438 -0.078124331 -0.081866224 -0.083229995 -0.080009505 -0.076789015 -0.073568525 -0.071393478 -0.069497406 -0.07039428 -0.075286862 -0.080179443 -0.085072025 -0.087905339 -0.090558161 -0.089616412 -0.086090572 -0.082366541 -0.078143911 -0.073921282 -0.069698652 -0.072076984 -0.075596141 -0.079115298 -0.08086557
-9999 -0.059072605 -0.067601475 -0.074251175 -0.075170575 -0.076089974 -0.077009374 -0.073124399 -0.06369456 -0.055933804 -0.06092045 -0.065907096 -0.070893741 -0.07470276 -0.076153512 -0.077604264 -0.079055017 -0.082967225 -0.088437767 -0.091410522 -0.08862078 -0.085831038 -0.078637046 -0.071409484 -0.064181923 -0.060339259 -0.065568972 -0.070798685 -0.076028398 -0.080346051 -0.084087944 -0.085451715 -0.082231225 -0.079103599 -0.077207526 -0.075311454 -0.073415381 -0.074312256 -0.079204838 -0.083697706 -0.086350527 -0.089003349 -0.09165617 -0.090714421 -0.087188581 -0.083662741 -0.080104087 -0.075881457 -0.071658828 -0.074037159 -0.077556317 -0.078513684 -0.078355742
-9999 -0.061390865 -0.06557379 -0.06649319 -0.067412589 -0.068331989 -0.069251389 -0.065366414 -0.062279074 -0.06726572 -0.072252365 -0.077239011 -0.082225657 -0.086034675 -0.087485428 -0.08893618 -0.090386932 -0.091837684 -0.094534052 -0.097506807 -0.093408355 -0.086180793 -0.078953231 -0.07172567 -0.064498108 -0.060655444 -0.065885157 -0.07111487 -0.076344583 -0.081574296 -0.086309664 -0.087673435 -0.084917647 -0.083021575 -0.081125502 -0.07922943 -0.077333357 -0.078230232 -0.082142894 -0.084795715 -0.087448537 -0.090101358 -0.09275418 -0.09181243 -0.08828659 -0.08476075 -0.08123491 -0.07770907 -0.073619003 -0.075997335 -0.076161799 -0.076003856 -0.075845913
-9999 -0.058067511 -0.05898691 -0.05990631 -0.060825709 -0.061745109 -0.062664509 -0.065904875 -0.070891521 -0.075878166 -0.080864812 -0.085851458 -0.090838104 -0.093868972 -0.095319724 -0.096770477 -0.098221229 -0.099671981 -0.10112273 -0.099949294 -0.092721732 -0.08549417 -0.078266608 -0.071039046 -0.063811484 -0.060357742 -0.065399634 -0.070629347 -0.07585906 -0.081088773 -0.086318486 -0.089114264 -0.087218191 -0.085322119 -0.083426047 -0.081529974 -0.079633902 -0.080002358 -0.082655179 -0.085308001 -0.087960822 -0.090613644 -0.093266465 -0.093338316 -0.089812476 -0.086286636 -0.082760796 -0.079234956 -0.075709116 -0.075155782 -0.074997839 -0.074839896 -0.074681953
-9999 -0.055480493 -0.056399893 -0.057319293 -0.058238692 -0.058955813 -0.058248934 -0.061595558 -0.069620447 -0.07520238 -0.080189026 -0.085175672 -0.090162318 -0.093111854 -0.091981962 -0.092658801 -0.094109554 -0.095560306 -0.097011058 -0.095837618 -0.088610056 -0.081382495 -0.074154933 -0.066927371 -0.06704386 -0.067054447 -0.064706785 -0.06740562 -0.072635333 -0.077865046 -0.083094759 -0.085890537 -0.083994465 -0.082098392 -0.08020232 -0.078196621 -0.069904255 -0.069346561 -0.07985441 -0.08381977 -0.086472592 -0.089125413 -0.091778235 -0.092895031 -0.092799755 -0.089273915 -0.085748075 -0.082222235 -0.078696395 -0.078347853 -0.078430637 -0.078272695 -0.078114752
-9999 -0.052893476 -0.053812876 -0.054732275 -0.054874348 -0.054167469 -0.053460589 -0.056807214 -0.064832103 -0.072856991 -0.07951324 -0.084499886 -0.089486532 -0.092436068 -0.091306176 -0.090176284 -0.089997878 -0.09144863 -0.092899383 -0.091725943 -0.084498381 -0.077270819 -0.071959668 -0.072850117 -0.073740566 -0.073751153 -0.07140349 -0.069055828 -0.069411607 -0.07464132 -0.079871033 -0.082666811 -0.080770738 -0.078874666 -0.074891122 -0.066598756 -0.05830639 -0.057748695 -0.068256544 -0.078764393 -0.084984361 -0.087637183 -0.090290004 -0.0914068 -0.091419368 -0.091431935 -0.088735353 -0.085209513 -0.081683673 -0.081335132 -0.081535714 -0.081705493 -0.08154755
-9999 -0.050306459 -0.051225858 -0.050792882 -0.050086003 -0.049379124 -0.048672245 -0.05201887 -0.060043758 -0.068068647 -0.076093535 -0.0838241 -0.088810746 -0.091760282 -0.09063039 -0.089500498 -0.088370606 -0.087336955 -0.088787707 -0.087614268 -0.080386706 -0.077765924 -0.078656373 -0.079546822 -0.080437272 -0.080447859 -0.078100196 -0.075752534 -0.073404871 -0.071417593 -0.076647306 -0.079443084 -0.077547012 -0.071585622 -0.063293256 -0.055000891 -0.046708525 -0.04615083 -0.056658679 -0.067166528 -0.077674377 -0.086148952 -0.088801774 -0.08991857 -0.089931137 -0.089943705 -0.089956272 -0.088196792 -0.084670952 -0.084322411 -0.084522993 -0.084723575 -0.084924157
-9999 -0.047418296 -0.046711417 -0.046004538 -0.045297659 -0.04459078 -0.0438839 -0.047230525 -0.055255414 -0.063280302 -0.071305191 -0.079330079 -0.087354968 -0.091084496 -0.089954604 -0.088824712 -0.08769482 -0.086564928 -0.085435036 -0.083502592 -0.083572181 -0.08446263 -0.085353079 -0.086243528 -0.087133977 -0.087144565 -0.084796902 -0.082449239 -0.080101577 -0.077753914 -0.075406251 -0.076219357 -0.068280123 -0.059987757 -0.051695391 -0.043403025 -0.03511066 -0.034552965 -0.045060814 -0.055568663 -0.066076512 -0.076584361 -0.08709221 -0.08843034 -0.088442907 -0.088455474 -0.088468042 -0.088480609 -0.087658231 -0.087309689 -0.087510271 -0.087710853 -0.087911435
-9999 -0.049515399 -0.048808519 -0.04810164 -0.047394761 -0.046687882 -0.0476501 -0.049104951 -0.052912749 -0.060937638 -0.068962526 -0.076987415 -0.085012304 -0.090168566 -0.089360828 -0.088230936 -0.087101044 -0.085971152 -0.08484126 -0.084322288 -0.085212738 -0.086103187 -0.086993636 -0.087884085 -0.087127411 -0.081600914 -0.08036611 -0.078018448 -0.075670785 -0.073323122 -0.070975459 -0.066597281 -0.058304915 -0.050012549 -0.041720183 -0.033427818 -0.029208935 -0.038556967 -0.052018266 -0.062526115 -0.073033964 -0.083541813 -0.094049662 -0.096132743 -0.094950565 -0.094963133 -0.0949757 -0.094988267 -0.095000835 -0.090343219 -0.090467854 -0.090668436 -0.090869018
-9999 -0.054606643 -0.053899764 -0.053192885 -0.052486006 -0.054896197 -0.058284291 -0.059739142 -0.058962782 -0.059658479 -0.067683368 -0.075708256 -0.083733145 -0.088889407 -0.088301081 -0.087672822 -0.08654293 -0.085413038 -0.084283146 -0.083764174 -0.084654624 -0.085545073 -0.086435522 -0.082944404 -0.075583856 -0.070057359 -0.069446582 -0.068748854 -0.066401191 -0.064053528 -0.061705866 -0.057327687 -0.049035321 -0.040742955 -0.03245059 -0.032121071 -0.036406795 -0.045754828 -0.062345211 -0.077552364 -0.088060212 -0.098568061 -0.10907591 -0.11115899 -0.10718561 -0.10494781 -0.10496038 -0.10497294 -0.10498551 -0.1003279 -0.094863147 -0.093613106 -0.093813688
-9999 -0.059697888 -0.058991009 -0.0587542 -0.062142294 -0.065530388 -0.068918483 -0.070373333 -0.069596973 -0.068820613 -0.068044253 -0.074429098 -0.082453987 -0.087610249 -0.087021922 -0.086433596 -0.085845269 -0.084854924 -0.083725032 -0.08320606 -0.08409651 -0.084986959 -0.078761398 -0.071400849 -0.064040301 -0.058513804 -0.057903027 -0.05729225 -0.056681473 -0.054783935 -0.052436272 -0.048058093 -0.039765727 -0.031473362 -0.035033208 -0.039318932 -0.043604655 -0.052952688 -0.069543072 -0.086133455 -0.10272384 -0.11359431 -0.12410216 -0.12618524 -0.12221186 -0.11823848 -0.11494505 -0.11495762 -0.11497019 -0.11031257 -0.10484782 -0.099383075 -0.096758357
-9999 -0.064789133 -0.066000297 -0.069388391 -0.072776485 -0.07616458 -0.079552674 -0.081007525 -0.080231165 -0.079454805 -0.078678444 -0.077902084 -0.081174828 -0.086331091 -0.085742764 -0.085154437 -0.084566111 -0.083977784 -0.083166918 -0.082647946 -0.081938941 -0.074578392 -0.067217843 -0.059857294 -0.052496745 -0.046970249 -0.046359472 -0.045748695 -0.045137918 -0.044527142 -0.043166678 -0.038788499 -0.03365962 -0.037945344 -0.042231068 -0.046516792 -0.050802516 -0.060150549 -0.076740932 -0.093331315 -0.1099217 -0.12651208 -0.13912841 -0.14121149 -0.13723811 -0.13326473 -0.12929136 -0.12531798 -0.12495487 -0.12029725 -0.1148325 -0.10936775 -0.103903
-9999 -0.071161972 -0.074550067 -0.077938161 -0.081326255 -0.084714349 -0.088102443 -0.088793957 -0.088017597 -0.087241237 -0.086464877 -0.085688517 -0.084912157 -0.084960982 -0.084372656 -0.083784329 -0.083196002 -0.082607676 -0.082019349 -0.079383204 -0.072022655 -0.064662107 -0.057301558 -0.049941009 -0.04258046 -0.038952752 -0.038341976 -0.037731199 -0.037120422 -0.036509645 -0.035898868 -0.036960576 -0.0412463 -0.045532024 -0.049817748 -0.054103472 -0.058389196 -0.067210672 -0.083801055 -0.10039144 -0.11698182 -0.13357221 -0.15016259 -0.15239932 -0.14842594 -0.14445257 -0.14047919 -0.13650581 -0.13253243 -0.12728745 -0.1218227 -0.11635795 -0.1108932
-9999 -0.069344128 -0.072732222 -0.076120316 -0.079508411 -0.082746896 -0.082766142 -0.082416048 -0.081639688 -0.080863328 -0.080086967 -0.079310607 -0.083705616 -0.085990763 -0.083066873 -0.081961848 -0.081373522 -0.080785195 -0.080196869 -0.077560724 -0.070200175 -0.062839626 -0.055479077 -0.048118528 -0.046608651 -0.046637595 -0.047487657 -0.047251811 -0.046641035 -0.046030258 -0.045419481 -0.046481189 -0.050766913 -0.055052637 -0.059338361 -0.063624084 -0.065651837 -0.073585712 -0.090176095 -0.10676648 -0.12335686 -0.1384876 -0.13775119 -0.13882098 -0.14052205 -0.13654867 -0.1325753 -0.12860192 -0.12462854 -0.11938356 -0.11391881 -0.10845406 -0.10298931
-9999 -0.067526284 -0.070914378 -0.074302472 -0.07634974 -0.076368986 -0.076388232 -0.076038138 -0.075261778 -0.074485418 -0.075220045 -0.080106384 -0.084992723 -0.087277869 -0.084353979 -0.081430089 -0.079551041 -0.078962715 -0.078374388 -0.075738243 -0.068377694 -0.061017145 -0.054771539 -0.054494123 -0.054216708 -0.054245651 -0.055095714 -0.055945776 -0.056161647 -0.05555087 -0.054940094 -0.056001801 -0.060287525 -0.064573249 -0.068260701 -0.070143789 -0.072026877 -0.079960751 -0.096551135 -0.11314152 -0.12329899 -0.12256258 -0.12182617 -0.12289596 -0.12526421 -0.12763246 -0.1246714 -0.12069803 -0.11672465 -0.11147967 -0.10601492 -0.10055017 -0.094427323
-9999 -0.065708439 -0.069096533 -0.069952585 -0.069971831 -0.069991077 -0.070010323 -0.069660228 -0.068883868 -0.071620813 -0.076507151 -0.08139349 -0.086279829 -0.088564976 -0.085641085 -0.082717195 -0.079793305 -0.077140234 -0.076551907 -0.073915762 -0.066555213 -0.062657011 -0.062379595 -0.06210218 -0.061824764 -0.061853708 -0.06270377 -0.063553832 -0.064403895 -0.065071483 -0.064460706 -0.065522414 -0.069808138 -0.072752652 -0.07463574 -0.076518828 -0.078401916 -0.086335791 -0.10292617 -0.10811038 -0.10737397 -0.10663757 -0.10590116 -0.10697095 -0.1093392 -0.11170744 -0.11407569 -0.11279413 -0.10882076 -0.10357578 -0.097996258 -0.091814104 -0.085631949
-9999 -0.063536183 -0.063555429 -0.063574675 -0.063593921 -0.063613167 -0.063632413 -0.063282319 -0.06802158 -0.072907919 -0.077794258 -0.082680596 -0.087566935 -0.089852082 -0.086928192 -0.084004302 -0.081080411 -0.078156521 -0.075232631 -0.072093282 -0.070542483 -0.070265067 -0.069987652 -0.069710236 -0.069432821 -0.069461764 -0.070311827 -0.071161889 -0.072011951 -0.072862014 -0.073712076 -0.075043026 -0.077244604 -0.079127692 -0.08101078 -0.082893868 -0.084776956 -0.09271083 -0.092921778 -0.092185369 -0.09144896 -0.090712551 -0.089976142 -0.091045935 -0.093414182 -0.095782429 -0.098150677 -0.10051892 -0.10091687 -0.09538304 -0.089200885 -0.08301873 -0.076836576
-9999 -0.063922978 -0.063942224 -0.06396147 -0.063980716 -0.063999962 -0.064785271 -0.064773151 -0.066526555 -0.071412893 -0.076299232 -0.081185571 -0.086071909 -0.088824765 -0.086652886 -0.083728996 -0.080805106 -0.077881216 -0.074957326 -0.07283369 -0.072556274 -0.072278859 -0.072001443 -0.071724028 -0.071936377 -0.07471597 -0.076011278 -0.076861341 -0.077711403 -0.078561465 -0.079411528 -0.080614438 -0.082497526 -0.084380613 -0.086263701 -0.088146789 -0.088754732 -0.088477232 -0.089556041 -0.088819632 -0.088083223 -0.087346814 -0.086610405 -0.087454867 -0.089728861 -0.092097108 -0.094465356 -0.096833603 -0.099201851 -0.09398573 -0.087803575 -0.081621421 -0.075439266
