mean_models/J1_mean_vp_slide_diff2_15.dat.tif
NCOLS 118
NROWS 92
XLLCORNER 139.62
YLLCORNER -39.07
DX 0.099491525
DY 0.099347826
NODATA_VALUE -9999
[rows 52 to 77 of 92, columns 57 to 113 of 118]
0.18266595 0.16775786 0.15284976 0.14899852 0.15266087 0.15632323 0.15998558 0.16364794 0.16757804 0.16592292 0.16537427 0.16482562 0.16427697 0.16372832 0.16047067 0.14867244 0.13687422 0.125076 0.11327778 0.10165548 0.10574421 0.10983293 0.11392166 0.11801039 0.12209911 0.12039261 0.11482296 0.10925331 0.10368366 0.098114015 0.097754666 0.1067838 0.11581294 0.12484208 0.13387122 0.14178438 0.1670803 0.19274794 0.21841559 0.24408323 0.26975087 0.27578693 0.28009414 0.28440136 0.28870858 0.2930158 0.28110146 0.26080698 0.2405125 0.22021802 0.19992354 0.18611324 0.17536219 0.16461113 0.15386008 0.14310902 -9999
0.17563946 0.16073137 0.15720434 0.15832704 0.16029861 0.16396097 0.16762332 0.17128567 0.17494803 0.17453927 0.17399062 0.17344197 0.17289331 0.17054521 0.16287288 0.15107466 0.13927644 0.12747822 0.11582332 0.1133246 0.10408137 0.1081701 0.11225883 0.11634755 0.12043628 0.11791881 0.11234916 0.10677951 0.10120986 0.091954118 0.080781268 0.082953458 0.091982596 0.10101173 0.11004087 0.11956605 0.14523369 0.17090133 0.19656897 0.22223662 0.24890903 0.25538572 0.25969294 0.26400015 0.26830737 0.27421724 0.26266803 0.24237355 0.22207907 0.20178459 0.18675026 0.17582618 0.16507513 0.15432407 0.14357302 0.13582785 -9999
0.16801516 0.16834197 0.17130611 0.17242881 0.17230019 0.1734543 0.17711665 0.18077901 0.18444136 0.1840326 0.18348395 0.1829353 0.17983101 0.17538302 0.16771069 0.15591247 0.14411425 0.13407457 0.13165526 0.12915654 0.11956499 0.10997345 0.11235148 0.11644021 0.12052893 0.11801146 0.11244181 0.10687217 0.095996635 0.079665007 0.068492158 0.066614959 0.067145639 0.076174777 0.085203914 0.094729089 0.12039673 0.14606438 0.17173202 0.1985307 0.22537741 0.23185411 0.23616132 0.24046854 0.24669885 0.25349393 0.24194472 0.22165024 0.20135576 0.18709391 0.17584619 0.16492211 0.15417105 0.14342 0.13613655 0.13079286 -9999
0.17947961 0.18244375 0.18540789 0.18653059 0.18640196 0.18627333 0.18660999 0.19027234 0.19393469 0.19352593 0.19297728 0.18911681 0.18466882 0.18022083 0.1725485 0.16075028 0.15232581 0.14990651 0.1474872 0.14498848 0.13539693 0.12580539 0.11621384 0.11653286 0.12062159 0.11810411 0.11253447 0.10003915 0.083707525 0.067375897 0.056203048 0.054325849 0.052448651 0.05133782 0.060366958 0.069892132 0.095559775 0.12130566 0.14815237 0.17499909 0.2018458 0.20832249 0.21262971 0.21918046 0.22597554 0.23277062 0.22122141 0.20092693 0.18743755 0.17618984 0.16494212 0.15401804 0.14326698 0.13644525 0.13110156 0.12575787 -9999
0.19358139 0.19654553 0.19950966 0.20063237 0.20050374 0.20037511 0.20024648 0.20011785 0.20342803 0.20285061 0.19840262 0.19395462 0.18950663 0.18505863 0.17738631 0.17057705 0.16815775 0.16573845 0.16331914 0.16082042 0.15122887 0.14163733 0.13204578 0.12245424 0.12071424 0.11819677 0.10408167 0.087750043 0.071418415 0.055086787 0.043913938 0.042036739 0.040159541 0.038282342 0.036405143 0.045055176 0.070927329 0.097774044 0.12462076 0.15146747 0.17831419 0.18486699 0.19166207 0.19845715 0.20525223 0.21204731 0.2004981 0.1877812 0.17653348 0.16528576 0.15403805 0.14311397 0.13675394 0.13141025 0.12606657 0.12072288 -9999
0.20476759 0.20773172 0.21069586 0.21057466 0.21044604 0.21031741 0.21018878 0.21006015 0.20993152 0.20818307 0.20373507 0.19928708 0.19483908 0.19039109 0.18683302 0.18441372 0.18199442 0.17957511 0.17715581 0.17294286 0.16147524 0.1518837 0.14229215 0.13270061 0.12310906 0.10890739 0.092575761 0.076244134 0.059912506 0.043580878 0.033558029 0.03168083 0.029803632 0.027926433 0.026049234 0.025028371 0.051875086 0.078721801 0.10556852 0.13241523 0.1573462 0.16483244 0.17162752 0.1784226 0.18521768 0.19201276 0.18771061 0.1764629 0.16521518 0.15396746 0.14271975 0.13627935 0.13093566 0.12559197 0.12024828 0.11490459 -9999
0.20599575 0.20895988 0.21192402 0.21041511 0.20618181 0.20605318 0.20592455 0.20579592 0.20566729 0.21030305 0.21075698 0.20630898 0.20186099 0.19741299 0.19385493 0.19143562 0.18901632 0.18659702 0.1812853 0.17275498 0.15581439 0.14305278 0.13346123 0.12386969 0.11427814 0.10007647 0.083744844 0.067413216 0.051081588 0.033999709 0.024099166 0.027478123 0.026050491 0.024173293 0.022296094 0.02127523 0.048121946 0.074968661 0.10181538 0.12516999 0.14004709 0.14732008 0.15394537 0.16074045 0.16753553 0.17433061 0.17192821 0.16372982 0.1524821 0.14123438 0.12998667 0.125076 0.12244209 0.1170984 0.11175471 0.10641102 -9999
0.20722391 0.21018804 0.21315218 0.21164327 0.20709473 0.20254619 0.20166032 0.20153169 0.20140306 0.20603882 0.2108383 0.21333089 0.20888289 0.2044349 0.20087683 0.19845753 0.19603823 0.18953357 0.18109742 0.17256711 0.15562652 0.13868593 0.12463032 0.11503877 0.10544722 0.091245553 0.074913926 0.058582298 0.041335154 0.024064927 0.014164383 0.01754334 0.020922298 0.020420153 0.018542954 0.01752209 0.044368806 0.071215521 0.092993777 0.10787088 0.12274799 0.13002097 0.13648409 0.1430583 0.14985338 0.15664846 0.15424606 0.14745895 0.13974902 0.1285013 0.11725359 0.11234292 0.11082031 0.10860482 0.10326113 0.09791744 -9999
0.20640895 0.2114162 0.21438034 0.21287143 0.20832289 0.20377435 0.19922581 0.19726746 0.19713883 0.2017746 0.20657407 0.21137354 0.2159048 0.2114568 0.20789873 0.20547943 0.19778183 0.18934569 0.18090955 0.17237923 0.15543864 0.13849805 0.12155746 0.10620785 0.096616306 0.082414636 0.065940825 0.048670598 0.031400371 0.014130144 0.0042296004 0.0076085578 0.010987515 0.014366473 0.014789814 0.01376895 0.040615665 0.060817567 0.075694671 0.090571775 0.10544888 0.11272187 0.11918499 0.12564811 0.13217124 0.13896632 0.13656392 0.1297768 0.12298969 0.11576822 0.10452051 0.099609845 0.098087226 0.096564608 0.094767553 0.089423864 -9999
0.20440434 0.20997 0.21553566 0.21409959 0.20955105 0.20500251 0.20045397 0.19590543 0.19287461 0.19751037 0.20230984 0.20710931 0.21190878 0.21670825 0.21446625 0.2060301 0.19759396 0.18915781 0.18072167 0.17219135 0.15525076 0.13831017 0.12136958 0.10442899 0.087785388 0.07327627 0.056006043 0.038735816 0.021465588 0.0041953614 -0.0057051822 -0.0023262248 0.0010527327 0.0044316902 0.0078106476 0.01001581 0.028641356 0.043518461 0.058395565 0.073272669 0.088149774 0.09542276 0.10188588 0.10834901 0.11481213 0.12128417 0.11888177 0.11209466 0.10530754 0.098520431 0.091733318 0.086876765 0.085354147 0.083831528 0.08230891 0.080786292 -9999
0.19984987 0.20541553 0.2109812 0.21814246 0.21705658 0.21250804 0.2079595 0.20341096 0.19886242 0.18866358 0.19346305 0.19826253 0.203062 0.20786147 0.20685486 0.19841871 0.18998257 0.18154642 0.17311028 0.15955434 0.14826991 0.13132932 0.11438873 0.097448136 0.080507545 0.063341487 0.04607126 0.028801033 0.011530806 -0.0034194814 -0.0069463442 -0.0062602827 -0.0028813253 0.00049763219 0.0038765897 0.0075983369 0.022475441 0.037352546 0.05222965 0.067106754 0.079770176 0.085204971 0.091668093 0.098131216 0.10459434 0.11105746 0.10796013 0.10108962 0.094302511 0.087515398 0.080728285 0.077455893 0.075949007 0.074426389 0.072903771 0.071381152 -9999
0.1941866 0.19975227 0.20531793 0.21247919 0.22072473 0.2227433 0.21819476 0.21364622 0.20909768 0.19689232 0.18442386 0.18742302 0.19222249 0.19702196 0.19601535 0.1875792 0.17914306 0.17043526 0.15588849 0.14139268 0.13144728 0.12139453 0.10445394 0.087513353 0.070572762 0.053406704 0.036136477 0.01886625 0.0062296792 0.0020998423 -0.0014270206 -0.0038673787 -0.004205963 -0.00082700549 0.002551952 0.0062736992 0.021150804 0.036027908 0.050905012 0.063147427 0.074827732 0.080073044 0.084633009 0.090992744 0.097455866 0.10391899 0.10082166 0.093166584 0.086201027 0.079413914 0.072626801 0.069354409 0.06796113 0.066468407 0.064945789 0.063423171 -9999
0.18911861 0.194089 0.19965466 0.20681592 0.21506146 0.223307 0.22843001 0.22388147 0.21933293 0.20712757 0.19465911 0.18219065 0.18138298 0.18618245 0.18517584 0.17673969 0.16682036 0.15227359 0.13772683 0.12323101 0.11328561 0.10334022 0.093394818 0.07757857 0.060637979 0.043471922 0.026201695 0.01587884 0.011749003 0.0076191659 0.0040923031 0.0016519449 -0.00078841323 -0.0021516432 0.0012273143 0.0049490615 0.019826166 0.03470327 0.046524678 0.058204983 0.069885288 0.0751306 0.079690565 0.084250529 0.090317394 0.096780516 0.093683189 0.086028112 0.078373035 0.07131243 0.064525317 0.061252925 0.059859646 0.058466367 0.056987807 0.055465189 -9999
0.1892652 0.19015547 0.19399139 0.20115265 0.20939819 0.21764373 0.22588927 0.23411673 0.22956819 0.21736283 0.20489437 0.19242591 0.17995745 0.17534294 0.17433633 0.16320546 0.14865869 0.13411193 0.11956516 0.10506935 0.095123948 0.08517855 0.075233152 0.065287754 0.050703197 0.033537139 0.025528 0.021398163 0.017268327 0.01313849 0.0096116268 0.0071712686 0.0047309104 0.0022905523 -9.7323387e-05 0.0036244238 0.018221624 0.029901929 0.041582234 0.053262539 0.064942844 0.070188156 0.074748121 0.079308085 0.08386805 0.089642044 0.086544716 0.078889639 0.071234562 0.063579485 0.056423833 0.053151441 0.051758162 0.050364882 0.048971603 0.047507208 -9999
0.18916714 0.19005741 0.19094768 0.19509587 0.20334141 0.21158695 0.21983249 0.22807803 0.23632356 0.22454322 0.21207476 0.1996063 0.18713784 0.17466938 0.15971263 0.14516586 0.1306191 0.11607233 0.10152556 0.086533279 0.076824213 0.066878815 0.056933417 0.046988019 0.03704262 0.031074987 0.02694515 0.022815313 0.018685476 0.014555639 0.01258095 0.010140592 0.0077002341 0.0052598759 0.0028195178 0.00080013338 0.012480438 0.024160744 0.035841049 0.047521354 0.059417686 0.064886126 0.06944609 0.074006055 0.078566019 0.083125983 0.077920518 0.070265441 0.062610364 0.054955287 0.04730021 0.04519017 0.043796891 0.042403611 0.041010332 0.039617053 -9999
0.18785222 0.18910687 0.19790778 0.19845821 0.19532735 0.20357289 0.21181843 0.22006397 0.22830951 0.21652916 0.2040607 0.19159224 0.17912378 0.15999216 0.14228018 0.12773341 0.11318664 0.098639876 0.083049717 0.066050848 0.05737744 0.047892341 0.037946943 0.028001545 0.018056147 0.012088514 0.0079586766 0.0038288397 -0.00030099717 0.0050226304 0.0080167142 0.00050791979 -0.0020137755 -0.0044541337 -0.0068944919 -0.0089138763 0.0027664288 0.014446734 0.026127039 0.038328664 0.052327121 0.057795561 0.062355525 0.06691549 0.071288193 0.068114796 0.061906531 0.054251454 0.046596377 0.0389413 0.038753563 0.037926299 0.036533019 0.03513974 0.033746461 0.03479284 -9999
0.18882116 0.19762208 0.20642299 0.20697342 0.2019173 0.19686117 0.20380437 0.21204991 0.22029545 0.2085151 0.19604664 0.18293084 0.16274527 0.14255971 0.12484772 0.11030096 0.09575419 0.079659378 0.062567286 0.045568417 0.036895009 0.0282216 0.01896047 0.0090150718 -0.00093032637 -0.0068979599 -0.011027797 -0.015157634 -0.0075533431 0.0012694903 0.0042635741 -0.0032452203 -0.010754015 -0.014168143 -0.016608502 -0.018627886 -0.0069475809 0.0047327242 0.017239641 0.031238099 0.045236557 0.050704996 0.055264961 0.058447604 0.055274207 0.05210081 0.045892545 0.038237468 0.031026857 0.031258275 0.031489692 0.030662427 0.029269148 0.02795744 0.029212227 0.030467015 -9999
0.19733638 0.20613729 0.2149382 0.21548863 0.21043251 0.20537639 0.20032026 0.20403585 0.21228139 0.20050104 0.18568395 0.16549838 0.14531282 0.12512726 0.10741527 0.092868504 0.076269038 0.059176947 0.042084855 0.025085986 0.016412578 0.0077391694 -0.000934239 -0.0099714017 -0.0199168 -0.025884433 -0.02895215 -0.020129317 -0.011306483 -0.0024836498 0.00051043397 -0.0069983604 -0.014507155 -0.022015949 -0.026322511 -0.028341896 -0.016661591 -0.003849381 0.010149077 0.024147534 0.038145992 0.043614431 0.045607015 0.042433618 0.039260221 0.036086824 0.029878558 0.023531569 0.023762986 0.023994403 0.024225821 0.023398556 0.022376828 0.023631615 0.024886402 0.026141189 -9999
0.20585159 0.2146525 0.22345342 0.22400385 0.21894772 0.2138916 0.20883547 0.20377935 0.20426733 0.18843706 0.1682515 0.14806593 0.12788037 0.1076948 0.08997079 0.072878698 0.055786607 0.038694516 0.021602424 0.0046035552 -0.0040698532 -0.012743262 -0.02141667 -0.030090078 -0.038903273 -0.041528123 -0.03270529 -0.023882457 -0.015059623 -0.0062367899 -0.0032427061 -0.010751501 -0.018260295 -0.025769089 -0.033277884 -0.038055905 -0.024938403 -0.010939946 0.0030585118 0.017056969 0.031055427 0.032766425 0.029593028 0.026419631 0.023246234 0.020072837 0.01603628 0.016267697 0.016499114 0.016730532 0.016961949 0.016796216 0.018051003 0.01930579 0.020560577 0.021815364 -9999
0.19921271 0.20801362 0.21681453 0.21979136 0.21561241 0.21055629 0.20550016 0.20044404 0.19538791 0.18309067 0.16290511 0.14271954 0.12253398 0.10234841 0.083519866 0.066427774 0.049335683 0.032243592 0.0151515 0.002820302 -0.0051893806 -0.013862789 -0.022536197 -0.031209606 -0.039883014 -0.036589232 -0.027766398 -0.018943565 -0.010120731 -0.0018906945 -0.00043419323 -0.006179432 -0.013688226 -0.021197021 -0.028705815 -0.035573422 -0.021574965 -0.007576507 0.0064219507 0.020420408 0.030127981 0.023996889 0.020823492 0.017650095 0.014476698 0.011303301 0.009291288 0.0094439337 0.009675351 0.0099067683 0.010138186 0.012080999 0.013451476 0.014706263 0.01596105 0.017215837 -9999
0.18397004 0.19277095 0.20157187 0.2045487 0.20356782 0.2004928 0.19543668 0.19038055 0.18532443 0.17460989 0.16370091 0.14423505 0.12404948 0.10386392 0.085035371 0.06794328 0.050851189 0.033867938 0.022734652 0.011638325 0.0038426944 -0.0039889698 -0.012662378 -0.021335787 -0.030009195 -0.026715412 -0.017892579 -0.0090697456 -0.0018083404 0.0022383366 0.0036948379 0.00048407742 -0.0043894956 -0.01189829 -0.019407084 -0.026274691 -0.012276234 0.0017222238 0.015720681 0.024376161 0.031691129 0.024764172 0.016320403 0.012993617 0.0098202201 0.0066468231 0.0046348102 0.0031764634 0.0031014602 0.0033328774 0.0035642947 0.0055071078 0.0083649024 0.0099513404 0.011206127 0.012460915 -9999
0.16782383 0.17752829 0.1863292 0.18930603 0.18832515 0.18734427 0.1853732 0.18031707 0.17526095 0.1645464 0.15363743 0.14272845 0.12556499 0.10537942 0.086550877 0.069458786 0.053819247 0.042685961 0.031552675 0.020456347 0.012660717 0.0048650868 -0.0029305435 -0.011461967 -0.020135376 -0.016841593 -0.0080187598 -0.0017259863 0.0023206907 0.0063673677 0.007823869 0.0046131086 0.0014023481 -0.0025995592 -0.010108354 -0.016975961 -0.0029775031 0.011020955 0.018624341 0.025939309 0.033254277 0.026327319 0.01788355 0.009439781 0.0051637424 0.0019903454 -2.1667555e-05 -0.0014800143 -0.0029383611 -0.0032410134 -0.0030095961 -0.001066783 0.0017910115 0.0046488061 0.0064512051 0.0077059922 -9999
0.14363805 0.15947586 0.17108654 0.17406337 0.17308249 0.17210161 0.17112073 0.17013985 0.16519746 0.15448292 0.14357395 0.13266497 0.121756 0.10689493 0.088066383 0.073770555 0.062637269 0.051503983 0.040370697 0.02927437 0.02147874 0.01368311 0.0058874792 -0.0019081511 -0.010261557 -0.006967774 -0.0016436321 0.0024030449 0.0064497219 0.010496399 0.0119529 0.0087421397 0.0055313792 0.0023206187 -0.00089014174 -0.00767723 0.005557552 0.01287252 0.020187488 0.027502456 0.034817424 0.027890467 0.019446698 0.011002929 0.0025591595 -0.0026661324 -0.0046781453 -0.0061364921 -0.0075948389 -0.0090531857 -0.0095834869 -0.0076406738 -0.0047828793 -0.0019250847 0.00093270989 0.0029510698 -9999
0.12281412 0.13865193 0.15448973 0.16082809 0.15984721 0.15886633 0.15788545 0.15690457 0.15592369 0.14758722 0.13667824 0.12576927 0.11486029 0.10395132 0.092943945 0.081810659 0.070677373 0.059544087 0.048410801 0.038224595 0.030553726 0.022758095 0.014962465 0.0071668346 -0.00062879572 -0.00032444922 0.0037222278 0.0077689048 0.011815582 0.015862259 0.017600306 0.014389545 0.011178785 0.0079680244 0.0047572639 0.0018603028 0.0091752709 0.016490239 0.023805207 0.031120175 0.037185216 0.029237513 0.020793744 0.012349975 0.0039062055 -0.0045375638 -0.0086528644 -0.010111211 -0.011569558 -0.013027905 -0.014486252 -0.013588105 -0.010730311 -0.0078725163 -0.0050147217 -0.0021569271 -9999
0.11471592 0.13055372 0.14639153 0.15336871 0.15421057 0.15322969 0.15224881 0.15126793 0.15028705 0.14802032 0.14177366 0.13086468 0.11995571 0.10904673 0.098039359 0.086906073 0.075772787 0.064639501 0.055246022 0.047647736 0.040371339 0.032805773 0.025010143 0.017214512 0.0094188821 0.0097232286 0.013769906 0.017816583 0.02186326 0.024626913 0.02603044 0.025521719 0.022573755 0.019362994 0.016152234 0.013255273 0.020570241 0.027885209 0.035200177 0.039913987 0.038645178 0.030179089 0.021322771 0.012879002 0.0044352327 -0.0040085366 -0.0088696026 -0.011505242 -0.012963589 -0.014421935 -0.015880282 -0.015779196 -0.014306381 -0.011448586 -0.0085907918 -0.0057329973 -9999
0.10661772 0.12245552 0.13829333 0.14527051 0.14622651 0.14718252 0.14661218 0.1456313 0.14465042 0.14238369 0.14007277 0.1359601 0.12505112 0.11414215 0.10313477 0.092001488 0.080868202 0.072271052 0.064669163 0.057070878 0.049794481 0.042518083 0.035057821 0.02726219 0.01946656 0.019770907 0.023817584 0.02784233 0.030307092 0.032771854 0.034175381 0.03366666 0.03315794 0.030757964 0.027547204 0.024650243 0.031965211 0.039280179 0.042642758 0.041373949 0.040105139 0.031639051 0.022406428 0.013408029 0.0049642598 -0.0034795094 -0.0083405754 -0.011493661 -0.014357619 -0.015815966 -0.017274313 -0.017173227 -0.016238404 -0.015024657 -0.012166862 -0.0093090674 -9999
