mean_models/J1_mean_vp_slide_diff2_140.dat.tif
NCOLS 118
NROWS 92
XLLCORNER 139.62
YLLCORNER -39.07
DX 0.099491525
DY 0.099347826
NODATA_VALUE -9999
[rows 0 to 23 of 92, columns 0 to 54 of 118]
-9999 -9999 -9999 -9999 -9999 -9999 -9999 -9999 -9999 -9999 -9999 -9999 -9999 -9999 -9999 -9999 -9999 -9999 -9999 -9999 -9999 -9999 -9999 -9999 -9999 -9999 -9999 -9999 -9999 -9999 -9999 -9999 -9999 -9999 -9999 -9999 -9999 -9999 -9999 -9999 -9999 -9999 -9999 -9999 -9999 -9999 -9999 -9999 -9999 -9999 -9999 -9999 -9999 -9999 -9999
-9999 0.22893184 0.22845885 0.22798586 0.22751286 0.22703987 0.22601051 0.2262783 0.22756173 0.22763007 0.22769841 0.22776675 0.22783509 0.22884425 0.23128439 0.23320508 0.23512576 0.23704644 0.23896713 0.24117652 0.244052 0.24692747 0.24980294 0.25267841 0.25485742 0.25244091 0.24807379 0.24203482 0.23599585 0.22995689 0.22391792 0.22157579 0.22635998 0.23114418 0.23592837 0.24071256 0.2438862 0.24535894 0.24886944 0.25092926 0.25298908 0.2550489 0.25710871 0.25167402 0.24505708 0.23978316 0.23450923 0.22923531 0.22396139 0.21718044 0.20816046 0.19914049 0.19012052 0.18110054 0.17570717
-9999 0.2250937 0.22462071 0.22414772 0.22367473 0.22221263 0.22013098 0.22039877 0.22337814 0.22544462 0.22551296 0.2255813 0.22564964 0.2266588 0.22955202 0.23223354 0.23415422 0.2360749 0.23799559 0.24020499 0.24308046 0.24595593 0.2488314 0.24976595 0.24762738 0.24521087 0.2420494 0.2383366 0.23229763 0.22625866 0.2202197 0.21787757 0.22266176 0.22744595 0.23223015 0.23401731 0.23270419 0.23417693 0.23963524 0.24384783 0.24590765 0.24796747 0.25002728 0.24459259 0.23377018 0.22612242 0.22084849 0.21557457 0.21030065 0.20360989 0.19667426 0.18790798 0.178888 0.16986803 0.16447466
-9999 0.22125556 0.22078257 0.22030958 0.21841476 0.21633311 0.21425145 0.21451924 0.21749861 0.22047797 0.22332752 0.22339586 0.2234642 0.22447336 0.22736657 0.23025979 0.233153 0.23510337 0.23702405 0.23923345 0.24210892 0.24498439 0.24467448 0.24253591 0.24039734 0.23798083 0.23481936 0.23165789 0.22849642 0.22256044 0.21652147 0.21417934 0.21896354 0.22374773 0.22414841 0.2228353 0.22152218 0.22299492 0.22845323 0.23391154 0.23882622 0.24088604 0.24294585 0.23751116 0.22668875 0.21586634 0.20718775 0.20191383 0.19663991 0.18994915 0.18301352 0.1760779 0.16765549 0.15863552 0.15324214
-9999 0.21741743 0.21669855 0.21461689 0.21253523 0.21045358 0.20837192 0.20863972 0.21161908 0.21459844 0.21757781 0.22055717 0.22127875 0.22228791 0.22518113 0.22807434 0.23096755 0.23386077 0.23605251 0.23826191 0.24113738 0.23958302 0.23744445 0.23530588 0.23316731 0.23075079 0.22758932 0.22442785 0.22126638 0.21810491 0.21282325 0.21048112 0.21526531 0.21427952 0.2129664 0.21165328 0.21034016 0.21181291 0.21727122 0.22272953 0.22818784 0.23364615 0.23586442 0.23042973 0.21960732 0.20878491 0.1979625 0.18825309 0.18297917 0.17628841 0.16935278 0.16241716 0.15548153 0.147403 0.14200963
-9999 0.21290067 0.21081902 0.20873736 0.20665571 0.20457405 0.20249239 0.20276019 0.20573955 0.20871891 0.21169828 0.21467764 0.217657 0.22010247 0.22299568 0.22588889 0.22878211 0.23167532 0.23456854 0.23663012 0.23449155 0.23235298 0.23021441 0.22807584 0.22593727 0.22352075 0.22035928 0.21719781 0.21403635 0.21087488 0.20771341 0.20572375 0.20441063 0.20309751 0.20178439 0.20047127 0.19915815 0.20063089 0.2060892 0.21154752 0.21700583 0.22246414 0.22792245 0.2233483 0.21252589 0.20170348 0.19088107 0.18005866 0.16931843 0.16262767 0.15569204 0.14875642 0.14182079 0.13488517 0.13077712
-9999 0.21114628 0.20906462 0.20698297 0.20490131 0.20281965 0.20087577 0.20127019 0.20424955 0.20722892 0.21020828 0.21318764 0.21597895 0.21812433 0.21980173 0.22269494 0.22558816 0.22848137 0.23137458 0.23274626 0.23060769 0.22846912 0.22633055 0.22419198 0.22175154 0.22020935 0.22141726 0.21825579 0.21509432 0.21193285 0.20877138 0.20624125 0.20492813 0.20361501 0.20230189 0.20098877 0.19661552 0.19443842 0.19989673 0.20535505 0.21081336 0.21627167 0.21850457 0.21964526 0.21459554 0.20377314 0.19295073 0.18212832 0.17130591 0.16379753 0.1568619 0.14992628 0.14299065 0.13762122 0.13868577
-9999 0.21004542 0.20796376 0.20588211 0.20380045 0.20192653 0.2000812 0.20047562 0.20345498 0.20643435 0.20941371 0.21208181 0.21464494 0.21679032 0.21809913 0.21940794 0.22223443 0.22512764 0.22802085 0.22939253 0.22725396 0.22511539 0.22297682 0.2203135 0.21736375 0.21582156 0.21805203 0.22028249 0.21746535 0.21430388 0.21114241 0.20861228 0.20729916 0.20598604 0.20467292 0.19872767 0.19121353 0.18903644 0.19449475 0.19995306 0.20541137 0.20648374 0.20694535 0.20808604 0.2097149 0.20729258 0.19647018 0.18564777 0.17482536 0.16731698 0.16038135 0.15344573 0.14926005 0.14856237 0.14962692
-9999 0.20894456 0.2068629 0.2048226 0.20297728 0.20113195 0.19928663 0.19968105 0.20266041 0.20562154 0.20818467 0.2107478 0.21331093 0.21545631 0.21676512 0.21807394 0.21938275 0.22177391 0.22466712 0.2260388 0.22390023 0.22176166 0.21887547 0.21592571 0.21297595 0.21143377 0.21366423 0.2158947 0.21812516 0.21667491 0.21351344 0.21098331 0.20967019 0.20835396 0.20083982 0.19332569 0.18581155 0.18363445 0.18909276 0.19400131 0.19446291 0.19492452 0.19538612 0.19652681 0.19815568 0.19978455 0.19998963 0.18916722 0.17834481 0.17083643 0.1639008 0.16089889 0.16020121 0.15950352 0.16056808
-9999 0.2078437 0.20587335 0.20402803 0.20218271 0.20033738 0.19849206 0.19888648 0.2017244 0.20428753 0.20685066 0.20941379 0.21197692 0.2141223 0.21543112 0.21673993 0.21804874 0.21935755 0.2213134 0.22268507 0.22038719 0.21743744 0.21448768 0.21153792 0.20858816 0.20704598 0.20927644 0.21150691 0.21373737 0.21596784 0.21588447 0.21335434 0.21046612 0.20295198 0.19543784 0.1879237 0.18040956 0.17823247 0.18198047 0.18244208 0.18290369 0.18336529 0.1838269 0.18496759 0.18659645 0.18822532 0.18985419 0.19148306 0.18186426 0.17435588 0.17253773 0.17184005 0.17114236 0.17044468 0.17150923
-9999 0.20726639 0.20542107 0.20357574 0.20173042 0.1998851 0.19803977 0.19846474 0.20102787 0.203591 0.20615413 0.20871726 0.21128039 0.21305529 0.2143641 0.21567291 0.21698173 0.21829054 0.21959935 0.21962043 0.21667067 0.21372092 0.21077116 0.2078214 0.20487164 0.20240957 0.20464004 0.2068705 0.20910097 0.21133143 0.2135619 0.21246392 0.20494978 0.19743565 0.18992151 0.18240737 0.17489323 0.17126112 0.17172272 0.17218433 0.17264594 0.17310754 0.17356915 0.17539874 0.1770276 0.17865647 0.18028534 0.18191421 0.18354308 0.18318823 0.18249055 0.18179286 0.18109518 0.1803975 0.17863246
-9999 0.20905734 0.20721202 0.20536669 0.20352137 0.20167605 0.20103119 0.20194606 0.20450919 0.20707232 0.20963545 0.21219858 0.21438555 0.21562382 0.21518722 0.21635572 0.21766453 0.21897335 0.22028216 0.22030324 0.21735348 0.21440372 0.21145397 0.20850421 0.20564614 0.20262616 0.1990593 0.20060476 0.20283522 0.20506569 0.20729615 0.20619818 0.19868404 0.1911699 0.18365576 0.17614162 0.17158976 0.16953288 0.16999449 0.17045609 0.1709177 0.17137931 0.17530061 0.17836034 0.18050312 0.18213199 0.18376086 0.18538973 0.1870186 0.18666375 0.18596607 0.18526838 0.1845707 0.17928108 0.17226034
-9999 0.21084829 0.20900297 0.20715765 0.20553906 0.20502578 0.2045125 0.20542737 0.2079905 0.21055363 0.21309769 0.21517233 0.21724697 0.21848525 0.21804865 0.21761204 0.21834734 0.21965616 0.22096497 0.22098605 0.21803629 0.21508653 0.21213678 0.20931192 0.20649597 0.20347599 0.19990914 0.19634228 0.19656948 0.19879995 0.20103041 0.19993244 0.1924183 0.18490416 0.17749606 0.17367879 0.16986152 0.16780464 0.16826625 0.16872785 0.16975391 0.17386463 0.17797534 0.18103507 0.18333926 0.18560751 0.18723638 0.18886525 0.19049411 0.19013927 0.18944158 0.1887439 0.18205968 0.17290895 0.16588821
-9999 0.21263924 0.21079392 0.20953365 0.20902037 0.20850709 0.20799382 0.20890868 0.21147181 0.21388447 0.21595911 0.21803376 0.2201084 0.22134667 0.22091007 0.22047347 0.22003687 0.22033896 0.22164778 0.22166886 0.2187191 0.21579364 0.2129777 0.21016175 0.20734581 0.20432583 0.20075898 0.19719212 0.19362526 0.1925342 0.19476467 0.19366669 0.18615256 0.1795851 0.17576783 0.17195056 0.16813328 0.1660764 0.16653801 0.16831793 0.17242865 0.17653936 0.18065008 0.18370981 0.186014 0.18831818 0.19062237 0.19234076 0.19396963 0.19361479 0.1929171 0.18483829 0.17568756 0.16653682 0.15951608
-9999 0.2144302 0.21352824 0.21301496 0.21250169 0.21198841 0.21147513 0.21239 0.21467125 0.21674589 0.21882054 0.22089518 0.22296982 0.2242081 0.2237715 0.22333489 0.22289829 0.22246169 0.22233058 0.22235167 0.21945942 0.21664348 0.21382753 0.21101159 0.20819565 0.20517567 0.20160881 0.19804196 0.1944751 0.19090825 0.18849892 0.18740095 0.18167413 0.17785686 0.17403959 0.17022232 0.16640505 0.16434817 0.16688195 0.17099266 0.17510338 0.1792141 0.18332481 0.18638454 0.18868873 0.19099292 0.19329711 0.1956013 0.19744515 0.19676763 0.18761689 0.17846616 0.16931543 0.16016469 0.15314395
-9999 0.21743262 0.21691934 0.21640606 0.21589278 0.2153795 0.21486622 0.2156861 0.21776074 0.21983538 0.22191003 0.22398467 0.22605931 0.22701251 0.22653269 0.22609609 0.22565949 0.22522288 0.22478628 0.2236302 0.22081426 0.21799832 0.21518238 0.21236644 0.20955049 0.20362346 0.19882778 0.19526093 0.19169407 0.18812722 0.18456036 0.18090797 0.1770907 0.17327343 0.16945616 0.16563889 0.16182162 0.16055195 0.16466266 0.16877338 0.17288409 0.17699481 0.18110552 0.18467589 0.18698008 0.18928426 0.19158845 0.19389264 0.19619683 0.18917705 0.18002632 0.17087559 0.16172485 0.15257412 0.14815934
-9999 0.22061407 0.22010079 0.21958751 0.21907424 0.21878512 0.2197647 0.2207165 0.22163623 0.22345482 0.22552946 0.2276041 0.22967874 0.23063194 0.22933938 0.22862438 0.22818778 0.22775118 0.22731458 0.2261585 0.22334256 0.22052662 0.21771067 0.21489473 0.21270922 0.20701587 0.1917935 0.18404308 0.18047622 0.17690937 0.17334251 0.16969012 0.16587285 0.16205558 0.15823831 0.15478743 0.15967938 0.15981265 0.15313797 0.15518217 0.15929289 0.1634036 0.16751432 0.17138936 0.17508603 0.17739022 0.1796944 0.18199859 0.18430278 0.17789512 0.16960452 0.16045379 0.15130306 0.14215232 0.13773754
-9999 0.22379553 0.22328225 0.22276897 0.22292174 0.22390132 0.22488091 0.2258327 0.22675243 0.22767215 0.22914889 0.23122353 0.23329818 0.23425137 0.23295881 0.23166625 0.23071608 0.23027948 0.22984287 0.2286868 0.22587085 0.22305491 0.22037778 0.2182397 0.21610163 0.21040828 0.19518591 0.17996354 0.16925837 0.16569152 0.16212466 0.15847227 0.154655 0.15083773 0.14959469 0.15448664 0.15937858 0.15951186 0.15283718 0.1461625 0.14570168 0.1498124 0.15392311 0.15779816 0.16150378 0.1652094 0.16780036 0.17010454 0.17240873 0.16600107 0.15808776 0.15003199 0.14088126 0.13173052 0.12731574
-9999 0.22697698 0.2264637 0.22705836 0.22803794 0.22901752 0.22999711 0.2309489 0.23186863 0.23278835 0.23370808 0.23484296 0.23691761 0.23787081 0.23657824 0.23528568 0.23399312 0.23280777 0.23237117 0.23121509 0.22839915 0.22590826 0.22377019 0.22163211 0.21949404 0.21380069 0.19857832 0.18335595 0.16813358 0.15447367 0.15090681 0.14725442 0.14343715 0.14440195 0.1492939 0.15418585 0.15907779 0.15921107 0.15253639 0.14586171 0.13918703 0.13622119 0.14033191 0.14420695 0.14791258 0.1516182 0.15532382 0.1582105 0.16051469 0.15410702 0.14619372 0.13828041 0.1303671 0.12130873 0.11689394
-9999 0.23021539 0.23119497 0.23217456 0.23315414 0.23413372 0.23511331 0.2360651 0.23698483 0.23790456 0.23882428 0.23974401 0.24066373 0.24149024 0.24019768 0.23890512 0.23761255 0.23631999 0.23502743 0.23374339 0.23143874 0.22930067 0.2271626 0.22502452 0.22288645 0.21719311 0.20197073 0.18674836 0.17152599 0.15630362 0.14108125 0.13603657 0.13920921 0.14410116 0.14899311 0.15388505 0.158777 0.15891028 0.1522356 0.14556092 0.13888624 0.13221155 0.1267407 0.13061575 0.13432137 0.13802699 0.14173262 0.14543824 0.14862064 0.14221297 0.13429967 0.12638636 0.11847305 0.11055975 0.10647214
-9999 0.23090249 0.23188207 0.23286166 0.23384124 0.23482082 0.23668977 0.23998918 0.2409089 0.24182863 0.24274835 0.24366808 0.24442991 0.24307297 0.24169407 0.24040151 0.23910895 0.23781639 0.23652383 0.2349756 0.23283752 0.23069945 0.22856138 0.2264233 0.22428523 0.21630214 0.20462562 0.18940325 0.17418088 0.15895851 0.14373614 0.13538416 0.1402761 0.14516805 0.15006 0.15495195 0.15919818 0.15631366 0.14963898 0.1429643 0.13628962 0.12961494 0.12364892 0.12346004 0.12705446 0.13076008 0.13446571 0.13817133 0.14187695 0.1356758 0.1277625 0.11984919 0.11193588 0.10402257 0.10247007
-9999 0.22824863 0.22922822 0.2302078 0.23118739 0.23435331 0.2397146 0.243014 0.24393373 0.24485345 0.24577318 0.24588403 0.2446045 0.24324757 0.24173563 0.24029645 0.23900389 0.23771133 0.23641877 0.23487054 0.23273247 0.23059439 0.22845632 0.22463983 0.21635617 0.20836298 0.20114832 0.19150182 0.17627944 0.16105707 0.1458347 0.13748272 0.14237467 0.14726662 0.15215856 0.15510502 0.15486978 0.15198527 0.14531059 0.13863591 0.13196123 0.12657438 0.12239333 0.12220445 0.12488549 0.1282637 0.13196933 0.13567495 0.13938057 0.13317942 0.12526612 0.11735281 0.10969748 0.10458877 0.10331051
-9999 0.22559478 0.22657436 0.22755395 0.23201684 0.23737813 0.24273942 0.24603882 0.24695855 0.24787828 0.24733816 0.24605863 0.2447791 0.24342217 0.24191023 0.24039829 0.23889884 0.23760628 0.23631372 0.23476549 0.23262741 0.23048934 0.22498434 0.21670067 0.20841701 0.20042382 0.19320916 0.18599451 0.17837801 0.16315564 0.14793326 0.13958129 0.14447323 0.14936518 0.15101187 0.15077663 0.15054139 0.14765687 0.14098219 0.13430751 0.12949984 0.12531879 0.12113774 0.12094886 0.1236299 0.12631093 0.12947295 0.13317857 0.13688419 0.13068305 0.12276974 0.11564663 0.11053792 0.10542921 0.10415095
-9999 0.22294092 0.22431909 0.22968038 0.23504167 0.24040296 0.24576424 0.24906365 0.24998337 0.24879228 0.24751275 0.24623323 0.2449537 0.24359677 0.24208483 0.24057289 0.23906095 0.23754901 0.23620866 0.23466043 0.23252236 0.22532884 0.21704518 0.20876151 0.20047785 0.19248466 0.18527 0.17805535 0.1708407 0.16362604 0.15003183 0.14167985 0.1465718 0.14691871 0.14668347 0.14644823 0.14621299 0.14332848 0.1366538 0.13242529 0.12824425 0.1240632 0.11988216 0.11969328 0.12237431 0.12505535 0.12773638 0.13068219 0.13438782 0.12818667 0.12159578 0.11648707 0.11137836 0.10626965 0.10499139
