mean_models/J1_mean_tot_conduct_slide_81.29.dat.tif
NCOLS 118
NROWS 92
XLLCORNER 139.62
YLLCORNER -39.07
DX 0.099491525
DY 0.099347826
NODATA_VALUE -9999
[rows 26 to 51 of 92, columns 0 to 56 of 118]
-2.498941 -2.5935149 -2.6681336 -2.7351281 -2.7967181 -2.8611068 -2.9158271 -2.9700227 -3.026875 -3.0847321 -3.144427 -3.2058296 -3.2704991 -3.3244248 -3.3841197 -3.4360593 -3.4858051 -3.5248276 -3.5596497 -3.583942 -3.598835 -3.6064918 -3.5965426 -3.5736347 -3.5532886 -3.5252802 -3.4899697 -3.4460418 -3.3954414 -3.3424062 -3.2896448 -3.2383598 -3.1935886 -3.1549769 -3.1287949 -3.1058453 -3.0909216 -3.0901152 -3.1058243 -3.1354729 -3.1668912 -3.2151332 -3.2698535 -3.3368682 -3.399705 -3.463566 -3.5211664 -3.5718858 -3.6085406 -3.6333943 -3.6491035 -3.6320965 -3.595925 -3.5528336 -3.5025013 -3.4354524 -3.3669852
-2.5119692 -2.6125508 -2.7070677 -2.7766874 -2.8477528 -2.9157837 -2.9804531 -3.0355697 -3.0876843 -3.1443408 -3.2040357 -3.2654383 -3.3156481 -3.3637371 -3.4085083 -3.4556546 -3.4904766 -3.5246653 -3.539589 -3.5574493 -3.5574493 -3.5601295 -3.5364834 -3.5074028 -3.4676062 -3.4325555 -3.3828098 -3.3334476 -3.2638035 -3.2033192 -3.1404825 -3.0858418 -3.036096 -2.9960204 -2.9596201 -2.9342254 -2.9242762 -2.9251753 -2.9461209 -2.9809668 -3.0333308 -3.0855303 -3.1501998 -3.2253103 -3.3136035 -3.3834787 -3.4549345 -3.5205188 -3.5820478 -3.6187026 -3.6491035 -3.6697502 -3.66878 -3.6466708 -3.6084723 -3.5561083 -3.4932199
-2.5082446 -2.6221992 -2.719719 -2.8005126 -2.8735514 -2.9440721 -3.0087416 -3.0675828 -3.1196975 -3.1709747 -3.2252599 -3.2815396 -3.3289943 -3.3654774 -3.4018289 -3.4369645 -3.460357 -3.4827384 -3.4860292 -3.4904233 -3.478587 -3.47132 -3.4446646 -3.4042324 -3.3552534 -3.31005 -3.254081 -3.1991319 -3.1294878 -3.0615543 -2.9987175 -2.9403522 -2.8906065 -2.8451983 -2.8099783 -2.7918071 -2.7865896 -2.7936597 -2.8192232 -2.8638129 -2.9216854 -2.9931138 -3.0638569 -3.1518313 -3.2451008 -3.3411579 -3.4191881 -3.5044736 -3.5744321 -3.6335699 -3.6702247 -3.7099201 -3.7301698 -3.7251794 -3.7009847 -3.6617818 -3.6061261
-2.5011488 -2.6215266 -2.7259927 -2.8136858 -2.8894889 -2.9593371 -3.0240066 -3.0821752 -3.1342898 -3.184222 -3.2339677 -3.2802982 -3.3200949 -3.3525426 -3.38239 -3.4047295 -3.4196532 -3.4263389 -3.4213644 -3.4098594 -3.3899611 -3.3657026 -3.3308806 -3.2884307 -3.2337104 -3.1776384 -3.1179434 -3.0563194 -2.9866753 -2.9194143 -2.8565776 -2.8002299 -2.7504842 -2.7068111 -2.6753927 -2.6619293 -2.6619293 -2.676873 -2.7082913 -2.7601172 -2.8281904 -2.9080459 -2.9926137 -3.0909277 -3.1956557 -3.2982095 -3.397701 -3.4898812 -3.5788999 -3.6431477 -3.7007481 -3.7448809 -3.7857477 -3.7867255 -3.7817048 -3.7502865 -3.7103381
-2.4887304 -2.6113974 -2.7197835 -2.8074766 -2.8832796 -2.9514402 -3.0115881 -3.06823 -3.1156621 -3.1634224 -3.203219 -3.249252 -3.2783567 -3.299916 -3.3148397 -3.3326943 -3.3277198 -3.3305528 -3.3106545 -3.2955981 -3.260776 -3.2353086 -3.1938671 -3.1448882 -3.0851933 -3.0286166 -2.9689217 -2.9079259 -2.8432564 -2.7772451 -2.7196447 -2.6667065 -2.6318844 -2.5888356 -2.5728302 -2.5730655 -2.5874185 -2.6068074 -2.6524082 -2.7100978 -2.7909349 -2.8776075 -2.973986 -3.0794215 -3.1956557 -3.3039028 -3.4101195 -3.5056191 -3.5975276 -3.6731521 -3.7380035 -3.7906663 -3.8354216 -3.8464762 -3.8452988 -3.8295896 -3.7930048
-2.4706858 -2.5923078 -2.7014133 -2.7911699 -2.8661658 -2.9294764 -2.9882343 -3.0378122 -3.0829936 -3.124174 -3.1608934 -3.1955671 -3.22044 -3.2271377 -3.2371404 -3.2408226 -3.2307746 -3.2180246 -3.1946422 -3.1672227 -3.128815 -3.0910862 -3.046315 -2.9921445 -2.9343441 -2.8760009 -2.8182514 -2.762459 -2.7057746 -2.6481445 -2.5984694 -2.5571452 -2.5303129 -2.5035589 -2.4941603 -2.5169971 -2.537919 -2.5747091 -2.6264078 -2.6998066 -2.7855988 -2.8845707 -2.9847666 -3.0964437 -3.2168808 -3.3302796 -3.4402439 -3.5415294 -3.6357845 -3.7121806 -3.7854901 -3.8423466 -3.8933382 -3.9043929 -3.9094518 -3.8937426 -3.8549915
-2.4508162 -2.5724383 -2.6769044 -2.7619845 -2.8330499 -2.8963604 -2.9510808 -2.9980731 -3.0359746 -3.0711885 -3.101036 -3.1244515 -3.1344006 -3.1410362 -3.1410362 -3.1348516 -3.1149533 -3.092184 -3.0623365 -3.0281358 -2.9833646 -2.9360055 -2.8812851 -2.8265648 -2.7718444 -2.7170444 -2.6623241 -2.6101257 -2.5653545 -2.522304 -2.4856492 -2.4577973 -2.4478482 -2.4439484 -2.4544212 -2.4772579 -2.5170545 -2.568086 -2.6361591 -2.7196761 -2.8191676 -2.9243099 -3.0337506 -3.1494292 -3.2698663 -3.3832651 -3.4932294 -3.5952098 -3.6947013 -3.7717893 -3.8450988 -3.9035957 -3.9595701 -3.9706247 -3.9756837 -3.9599745 -3.9212234
-2.4321735 -2.5508338 -2.6521272 -2.7370479 -2.8008241 -2.8544345 -2.9016061 -2.9419207 -2.9680167 -2.9995543 -3.0206497 -3.0436666 -3.0479823 -3.043012 -3.0295788 -3.0199432 -2.9909877 -2.9648691 -2.9258628 -2.8899984 -2.8405969 -2.792919 -2.7407611 -2.6924179 -2.6471615 -2.5964962 -2.5561243 -2.5105099 -2.4899071 -2.4550701 -2.4473276 -2.4282904 -2.440518 -2.4373356 -2.4695502 -2.524074 -2.5840559 -2.6419488 -2.7219625 -2.8110526 -2.917559 -3.0229403 -3.132381 -3.2451727 -3.3625217 -3.4688821 -3.5736157 -3.6636202 -3.7566841 -3.8204575 -3.8887578 -3.9373796 -3.9910398 -4.0020944 -4.0071534 -3.9914442 -3.9510472
-2.4194108 -2.5267373 -2.6262288 -2.7035412 -2.7651009 -2.8065212 -2.8510127 -2.8837974 -2.9071852 -2.9242585 -2.9419322 -2.955 -2.955 -2.9417161 -2.9251059 -2.9037585 -2.8730169 -2.8385042 -2.7977627 -2.7564619 -2.7077119 -2.6579661 -2.6082203 -2.5665847 -2.5251059 -2.4897966 -2.4568898 -2.4301017 -2.4173983 -2.4103947 -2.4134478 -2.4269915 -2.4475212 -2.4731155 -2.5202431 -2.5956568 -2.6619364 -2.7430865 -2.8282516 -2.9251695 -3.0351338 -3.1397881 -3.2492288 -3.3545205 -3.4697212 -3.5593644 -3.6588559 -3.7338715 -3.8176539 -3.8716124 -3.9292128 -3.971938 -4.0175 -4.0239218 -4.0278078 -4.0107716 -3.9703747
-2.4092846 -2.5121053 -2.5966731 -2.6647385 -2.7121154 -2.7535357 -2.7883577 -2.8175655 -2.8365163 -2.8514034 -2.856378 -2.8606137 -2.8506646 -2.8357451 -2.8108722 -2.7845411 -2.749719 -2.7126637 -2.6678925 -2.6239981 -2.5792269 -2.5327021 -2.4879309 -2.4473674 -2.4175199 -2.3904488 -2.3804996 -2.370493 -2.3804422 -2.3905252 -2.4219435 -2.4534843 -2.50323 -2.5502618 -2.6235714 -2.7016278 -2.7861956 -2.8755503 -2.9802782 -3.084126 -3.1940903 -3.2978548 -3.3973464 -3.4985915 -3.598083 -3.6790899 -3.7471631 -3.8125131 -3.8706394 -3.9187036 -3.9623287 -4.0001788 -4.0373696 -4.0373696 -4.0344309 -4.0134854 -3.9703747
-2.4047742 -2.493117 -2.5679834 -2.6307878 -2.6723701 -2.7017301 -2.7274709 -2.7505264 -2.7631014 -2.7735948 -2.7713119 -2.7711636 -2.759145 -2.7392509 -2.7106476 -2.6809569 -2.6423536 -2.6059764 -2.5650374 -2.5217704 -2.4808823 -2.4361111 -2.3986007 -2.3793379 -2.3694139 -2.3530834 -2.3673475 -2.3704068 -2.4048742 -2.4294286 -2.4893471 -2.5372204 -2.6090946 -2.6666481 -2.7517511 -2.8512426 -2.9456797 -3.0363874 -3.1378824 -3.2426103 -3.3498145 -3.4417994 -3.5315216 -3.6157812 -3.7035685 -3.7784258 -3.8446309 -3.8887522 -3.9407716 -3.9626538 -3.9999326 -3.9875107 -4.0180839 -4.0076766 -4.0018113 -3.9766516 -3.9474767
-2.406126 -2.4816926 -2.5463621 -2.5953676 -2.6332691 -2.6541146 -2.6740129 -2.6856668 -2.6951422 -2.6978067 -2.6928322 -2.6844423 -2.6695186 -2.6479216 -2.6180742 -2.5866208 -2.5469211 -2.5086796 -2.4690308 -2.4352512 -2.3962492 -2.3608128 -2.3359399 -2.3305015 -2.3270287 -2.3369227 -2.3589283 -2.3918351 -2.434044 -2.4888406 -2.5592364 -2.6397402 -2.7193521 -2.8055386 -2.9050301 -3.0079274 -3.1074189 -3.2018018 -3.3012933 -3.3983032 -3.5030312 -3.584365 -3.6639582 -3.7279755 -3.8012851 -3.8573388 -3.9201756 -3.9528351 -3.9894899 -4.001474 -4.0171832 -3.9998612 -3.9839394 -3.9698463 -3.9554028 -3.9292208 -3.8981013
-2.4004746 -2.4712926 -2.5210383 -2.5655794 -2.5892678 -2.6064377 -2.6163869 -2.6250652 -2.6250652 -2.6248961 -2.6149469 -2.6049304 -2.5850321 -2.5618202 -2.5319727 -2.5005193 -2.4656973 -2.4292014 -2.3943793 -2.3623961 -2.3424978 -2.3144504 -2.3085938 -2.3106319 -2.3305302 -2.3501691 -2.3999149 -2.4448206 -2.5144646 -2.5815652 -2.6810567 -2.7722039 -2.87667 -2.9712406 -3.0812049 -3.1867535 -3.286245 -3.3792736 -3.4630559 -3.5544871 -3.6435058 -3.7172419 -3.7719622 -3.8245421 -3.8611969 -3.9060499 -3.9400452 -3.9589702 -3.9696203 -3.970557 -3.9708209 -3.9470296 -3.9243308 -3.9022215 -3.8825477 -3.8563658 -3.8252462
-2.4008564 -2.4560931 -2.5008046 -2.5353022 -2.5546906 -2.5621603 -2.5675499 -2.5706811 -2.5682405 -2.5647235 -2.5547744 -2.54141 -2.5201895 -2.4953166 -2.4684524 -2.4402108 -2.4114568 -2.3813 -2.3557326 -2.329936 -2.3194448 -2.3039067 -2.3042716 -2.3325852 -2.3719079 -2.4066749 -2.4728619 -2.5343153 -2.6206548 -2.7030621 -2.8158502 -2.9187401 -3.0261469 -3.1324349 -3.2423992 -3.339558 -3.4288795 -3.5132908 -3.5871306 -3.6604045 -3.7393591 -3.787459 -3.8303141 -3.8562461 -3.8833395 -3.8953601 -3.9200538 -3.9115525 -3.913549 -3.8919968 -3.8860597 -3.8517932 -3.8255629 -3.7989973 -3.7771488 -3.7544337 -3.7298976
-2.4013522 -2.4471099 -2.4819319 -2.504694 -2.5189071 -2.5245652 -2.5245652 -2.5214601 -2.5167224 -2.5101425 -2.5001933 -2.4851213 -2.4602484 -2.4380929 -2.41322 -2.3892529 -2.3643801 -2.3446855 -2.3247872 -2.3139305 -2.308956 -2.3112483 -2.3311466 -2.3676124 -2.4173581 -2.4783914 -2.55301 -2.6337378 -2.7282548 -2.8283791 -2.9488162 -3.0636857 -3.1731264 -3.2827406 -3.3927049 -3.4862405 -3.5658337 -3.6330983 -3.695935 -3.7524312 -3.815268 -3.8463449 -3.8662432 -3.871271 -3.8765074 -3.8709783 -3.8709783 -3.8513872 -3.8304416 -3.8032197 -3.7770377 -3.739169 -3.703181 -3.6769889 -3.6535686 -3.632623 -3.618018
-2.3881059 -2.4297514 -2.4554391 -2.4775985 -2.4823362 -2.4848261 -2.4848261 -2.4804274 -2.470952 -2.4637802 -2.453831 -2.438759 -2.4180973 -2.3998557 -2.384932 -2.3634603 -2.343562 -2.327413 -2.327413 -2.3235459 -2.3434442 -2.3509875 -2.3906705 -2.4424544 -2.5120985 -2.5799687 -2.6794602 -2.7665967 -2.8660882 -2.9670561 -3.0822568 -3.1945628 -3.2940543 -3.401958 -3.5119223 -3.6006912 -3.6603861 -3.7183318 -3.7497501 -3.7933675 -3.8218912 -3.8386942 -3.8265041 -3.8165478 -3.790406 -3.7639698 -3.7318913 -3.6999555 -3.6648619 -3.630522 -3.5982116 -3.5522794 -3.5111086 -3.4945267 -3.4755443 -3.4703079 -3.4642419
-2.3866791 -2.4206571 -2.4392642 -2.4461637 -2.4509014 -2.4533913 -2.4519044 -2.4448404 -2.435365 -2.4257222 -2.4166583 -2.4065608 -2.3883312 -2.3767253 -2.3633686 -2.36 -2.3502867 -2.3366087 -2.339336 -2.3592343 -2.3816566 -2.4229066 -2.4699983 -2.5360704 -2.6078316 -2.7027808 -2.8078732 -2.9073648 -3.0064287 -3.106143 -3.2192307 -3.3187222 -3.4140842 -3.5004145 -3.6058843 -3.6825391 -3.7324403 -3.7570781 -3.7776962 -3.7882225 -3.7962633 -3.7788826 -3.7494573 -3.6951419 -3.6581946 -3.6197379 -3.5662157 -3.5193468 -3.4706946 -3.4317249 -3.3950701 -3.3485403 -3.3190361 -3.3024542 -3.3008704 -3.2978805 -3.3135897
-2.3805675 -2.403743 -2.4136922 -2.4205917 -2.4253294 -2.4247322 -2.4197576 -2.4141475 -2.4046721 -2.3975146 -2.39254 -2.3858578 -2.3759087 -2.3719777 -2.3670032 -2.3665421 -2.3665421 -2.3749432 -2.3948415 -2.4236643 -2.4634609 -2.5105245 -2.575194 -2.6512376 -2.74078 -2.8350022 -2.9444429 -3.0470734 -3.1415904 -3.2337228 -3.3332144 -3.4191218 -3.4937404 -3.5731305 -3.6621492 -3.7111208 -3.7310191 -3.7340345 -3.7287981 -3.7098652 -3.6889196 -3.6458362 -3.5960904 -3.5381406 -3.4805402 -3.4186938 -3.355857 -3.3017311 -3.2493671 -3.2125782 -3.1759234 -3.1527783 -3.1283841 -3.1311005 -3.1389811 -3.1546903 -3.1813443
-2.3619398 -2.3851153 -2.3950645 -2.401964 -2.4022554 -2.3998953 -2.3949207 -2.3922554 -2.3922536 -2.3861277 -2.3861277 -2.3796486 -2.3805545 -2.3871858 -2.397135 -2.4011044 -2.4210027 -2.4333109 -2.4681329 -2.5012845 -2.5609795 -2.6098723 -2.6879982 -2.7767737 -2.8762652 -2.9709807 -3.0754468 -3.1751717 -3.2497903 -3.3363355 -3.409645 -3.4868269 -3.5266235 -3.6041767 -3.6697499 -3.6925766 -3.6689267 -3.6590953 -3.6108226 -3.5766879 -3.5212701 -3.4626606 -3.3849763 -3.315429 -3.2383799 -3.1737412 -3.1074874 -3.0566266 -3.0072068 -2.9816314 -2.9523908 -2.9502989 -2.9358977 -2.9635342 -2.9802179 -3.0273454 -3.0626732
-2.3465167 -2.3658585 -2.3758077 -2.3799348 -2.3807999 -2.3832899 -2.3793102 -2.3788443 -2.38 -2.3835169 -2.3867101 -2.3884178 -2.3935042 -2.416716 -2.4334584 -2.4530431 -2.479938 -2.5107219 -2.5527439 -2.5995998 -2.6648472 -2.7318091 -2.8163769 -2.9085074 -3.0079989 -3.104787 -3.203243 -3.299904 -3.3745227 -3.4409176 -3.5019915 -3.5536592 -3.5835203 -3.6292161 -3.6822451 -3.6416976 -3.6042485 -3.5465222 -3.4821507 -3.3930071 -3.3214349 -3.2368988 -3.1511005 -3.0639433 -2.9798523 -2.9099826 -2.8419094 -2.8065795 -2.7594519 -2.7514236 -2.730478 -2.749413 -2.7514328 -2.7980981 -2.8371394 -2.897359 -2.9592992
-2.3266471 -2.3459889 -2.3559381 -2.3628159 -2.3675536 -2.3700435 -2.3700435 -2.3722211 -2.3769588 -2.3835169 -2.3934661 -2.4067218 -2.4266201 -2.449832 -2.4796794 -2.5126518 -2.5524484 -2.5968233 -2.6515437 -2.712194 -2.7868126 -2.8657045 -2.9552469 -3.0475943 -3.1470859 -3.243874 -3.3334164 -3.4191214 -3.4937401 -3.560135 -3.6020262 -3.6331374 -3.6430866 -3.6449687 -3.6292596 -3.588712 -3.5140934 -3.4273048 -3.3225769 -3.2075578 -3.0818843 -2.9719713 -2.8724797 -2.7791462 -2.6901275 -2.6187264 -2.5558896 -2.5249669 -2.5040213 -2.5052909 -2.5105272 -2.5403427 -2.5726067 -2.6334071 -2.6980524 -2.7765984 -2.8599514
-2.3080153 -2.330319 -2.3434952 -2.3503947 -2.3588313 -2.3661713 -2.37 -2.3765981 -2.3893148 -2.4011701 -2.4244104 -2.4377748 -2.4634152 -2.4998898 -2.5478656 -2.5857427 -2.6392881 -2.6899703 -2.7632257 -2.8254673 -2.9047705 -2.9837493 -3.0759085 -3.1676204 -3.252753 -3.345486 -3.4205169 -3.49575 -3.5312645 -3.5884489 -3.5962286 -3.6102179 -3.57527 -3.5767174 -3.5262448 -3.4335061 -3.3220649 -3.2199786 -3.0870089 -2.9638912 -2.8275324 -2.7085237 -2.5993004 -2.5150408 -2.4354495 -2.3816225 -2.3321342 -2.3211931 -2.3112319 -2.3438635 -2.3611686 -2.4305932 -2.4740997 -2.5680639 -2.6403995 -2.7390087 -2.8307214
-2.2959408 -2.3163276 -2.3312514 -2.3429868 -2.3524622 -2.3645225 -2.3698927 -2.3835547 -2.3984851 -2.4199832 -2.4464551 -2.4730356 -2.5028831 -2.5545599 -2.6070092 -2.6631787 -2.7207552 -2.784806 -2.8614304 -2.9390575 -3.0197045 -3.1036579 -3.1981748 -3.2805631 -3.3616646 -3.4354189 -3.5027999 -3.5579058 -3.583928 -3.6007895 -3.5960884 -3.5706506 -3.5231247 -3.4722237 -3.3989141 -3.2659136 -3.1433002 -3.0040905 -2.8606896 -2.716749 -2.5753663 -2.457622 -2.3432068 -2.2629375 -2.189628 -2.1588585 -2.1222037 -2.1379485 -2.1431849 -2.2001384 -2.2420296 -2.3263359 -2.4012497 -2.5070857 -2.6069804 -2.7120115 -2.8197323
-2.2871216 -2.3097044 -2.3246282 -2.3363636 -2.345839 -2.3578993 -2.3728231 -2.3901779 -2.4138664 -2.4398528 -2.4746748 -2.5097067 -2.5594525 -2.6141686 -2.6788381 -2.742657 -2.812301 -2.8841538 -2.9687216 -3.0516517 -3.1362195 -3.2216062 -3.306174 -3.3865341 -3.4561782 -3.5215203 -3.5662915 -3.6042681 -3.6042681 -3.6007895 -3.5641347 -3.5176651 -3.4330973 -3.3504673 -3.2247938 -3.0870875 -2.9328756 -2.7789021 -2.6113375 -2.4583755 -2.3117564 -2.1938553 -2.0943638 -2.0198332 -1.9674693 -1.9470217 -1.9470217 -1.9772176 -2.0239675 -2.0961753 -2.1757977 -2.272002 -2.3681338 -2.4897345 -2.6069804 -2.7274175 -2.8462251
-2.2846651 -2.3088856 -2.3238093 -2.3355448 -2.3483346 -2.3628849 -2.3809477 -2.4048048 -2.4320983 -2.4597224 -2.4996192 -2.546098 -2.6033034 -2.6679729 -2.7350781 -2.8111459 -2.8975836 -2.971893 -3.0564608 -3.1410286 -3.2255964 -3.3101641 -3.3969643 -3.4808965 -3.5418147 -3.5820986 -3.6001538 -3.6332174 -3.6207388 -3.5891808 -3.5289607 -3.4414622 -3.3345917 -3.2064673 -3.0558116 -2.8908484 -2.725131 -2.5537137 -2.3861491 -2.2290929 -2.0934773 -1.9811669 -1.9002946 -1.8629942 -1.8326939 -1.8155217 -1.8520011 -1.8978843 -1.9852736 -2.0714422 -2.1866429 -2.2914824 -2.422083 -2.5467143 -2.6766325 -2.7970697 -2.9191526
-2.2827482 -2.3137407 -2.3286644 -2.3431723 -2.3573853 -2.3766559 -2.3966216 -2.4248774 -2.45376 -2.4897224 -2.5351627 -2.5867644 -2.6514339 -2.725158 -2.7971143 -2.8747881 -2.9651521 -3.0531393 -3.1377071 -3.2192665 -3.3019877 -3.3880088 -3.4775512 -3.5440055 -3.5886263 -3.6194483 -3.6268411 -3.6209513 -3.583217 -3.5306064 -3.4349172 -3.3219315 -3.1882222 -3.0444822 -2.8716811 -2.688618 -2.5145078 -2.3495535 -2.1828085 -2.0481988 -1.9172889 -1.8391234 -1.7645047 -1.7490522 -1.7385794 -1.7827187 -1.8246098 -1.9194215 -2.0084402 -2.1319205 -2.2471212 -2.3795621 -2.51053 -2.6431853 -2.7695844 -2.8862581 -3.0001118
