mean_models/J1_mean_vp_slide_diff2_260.dat.tif
NCOLS 118
NROWS 92
XLLCORNER 139.62
YLLCORNER -39.07
DX 0.099491525
DY 0.099347826
NODATA_VALUE -9999
[rows 48 to 71 of 92, columns 55 to 109 of 118]
-0.13518311 -0.13032615 -0.12546918 -0.12061222 -0.11619679 -0.11909271 -0.11664184 -0.11419098 -0.11174011 -0.10928924 -0.10683837 -0.11019046 -0.11374195 -0.11729343 -0.12084492 -0.12439641 -0.12416953 -0.12923696 -0.1343044 -0.13937183 -0.14443927 -0.14641343 -0.13497634 -0.11595676 -0.096937167 -0.077917578 -0.05889799 -0.063487423 -0.078984636 -0.094481849 -0.10997906 -0.12547627 -0.1303551 -0.12626925 -0.12156781 -0.11686636 -0.11216492 -0.10777915 -0.11366632 -0.11955349 -0.12544065 -0.13132782 -0.13441362 -0.13473226 -0.13533323 -0.1359342 -0.13653516 -0.1369444 -0.13027567 -0.12088546 -0.11149525 -0.10210504 -0.093474022 -0.093616229 -0.093789145
-0.12852393 -0.12366697 -0.11881001 -0.11581685 -0.11682136 -0.12066735 -0.12644426 -0.12503976 -0.12258889 -0.12013802 -0.11768716 -0.12103925 -0.12459073 -0.12814222 -0.13046364 -0.1245884 -0.12351339 -0.12858083 -0.13364826 -0.1387157 -0.13940283 -0.13794812 -0.13603919 -0.12761489 -0.1085953 -0.089575714 -0.070556126 -0.075145559 -0.090642772 -0.10613999 -0.1216372 -0.12481757 -0.12733978 -0.12896394 -0.12599188 -0.12129043 -0.11658899 -0.11220322 -0.11809039 -0.12397755 -0.12986472 -0.13186806 -0.12953586 -0.1298545 -0.13045547 -0.13105644 -0.13122545 -0.13026536 -0.12359663 -0.11420642 -0.10481621 -0.097222757 -0.097307524 -0.09744973 -0.097622647
-0.12186476 -0.1170078 -0.11543691 -0.11644142 -0.11744593 -0.12129192 -0.12706883 -0.13284573 -0.13343767 -0.13098681 -0.12853594 -0.13188803 -0.13543951 -0.13568275 -0.12980751 -0.12393226 -0.12285725 -0.12792469 -0.13299212 -0.13238714 -0.13093751 -0.1294828 -0.12757387 -0.12566495 -0.12025344 -0.10123385 -0.082214262 -0.086803696 -0.10230091 -0.11576106 -0.11878166 -0.12180226 -0.12432447 -0.12594862 -0.12757277 -0.1257145 -0.12101306 -0.11662729 -0.12251446 -0.12840162 -0.1293225 -0.1269903 -0.1246581 -0.12497675 -0.12557771 -0.1255065 -0.12454641 -0.12358631 -0.11691758 -0.10752737 -0.10097149 -0.10105626 -0.10114103 -0.10128323 -0.10145615
-0.11520559 -0.11505697 -0.11606147 -0.11706598 -0.11807049 -0.12191649 -0.12769339 -0.1334703 -0.1392472 -0.14183559 -0.13938472 -0.14273681 -0.14090186 -0.13502662 -0.12915137 -0.12327612 -0.12220112 -0.12682108 -0.12537145 -0.12392182 -0.12247219 -0.12101748 -0.11910856 -0.11719963 -0.11529071 -0.11289199 -0.093872398 -0.098461832 -0.10972514 -0.11274574 -0.11576634 -0.11878694 -0.12130915 -0.1229333 -0.12455745 -0.12618161 -0.12543713 -0.12105136 -0.12693853 -0.12677694 -0.12444474 -0.12211254 -0.11978035 -0.12009899 -0.11978755 -0.11882746 -0.11786736 -0.11690727 -0.11023854 -0.10472023 -0.10480499 -0.10488976 -0.10497453 -0.10511673 -0.10865011
-0.11467702 -0.11568153 -0.11668604 -0.11769055 -0.11869506 -0.12254105 -0.12831796 -0.13409486 -0.13987177 -0.14564867 -0.1502335 -0.14612097 -0.14024572 -0.13437048 -0.12849523 -0.12261999 -0.11980539 -0.11835576 -0.11690613 -0.11545651 -0.11400688 -0.11255216 -0.11064324 -0.10873432 -0.10682539 -0.10491647 -0.10300755 -0.10368922 -0.10670982 -0.10973042 -0.11275102 -0.11577162 -0.11829383 -0.11991798 -0.12154214 -0.12316629 -0.12479044 -0.12547543 -0.12423138 -0.12189918 -0.11956699 -0.11723479 -0.11490259 -0.1140686 -0.11310851 -0.11214841 -0.11118832 -0.11022823 -0.10846896 -0.10855373 -0.10863849 -0.10872326 -0.10880803 -0.11327128 -0.12221617
-0.11360666 -0.11461117 -0.11561567 -0.11662018 -0.12713346 -0.12641168 -0.1242414 -0.13001831 -0.13579521 -0.14157212 -0.14734902 -0.14186086 -0.13598561 -0.13011037 -0.12423512 -0.11927621 -0.11645697 -0.11500734 -0.11355771 -0.11210809 -0.11076988 -0.11647224 -0.10984346 -0.10793453 -0.10602561 -0.10411669 -0.10220776 -0.10367057 -0.10669117 -0.10971177 -0.11273237 -0.11691737 -0.12036961 -0.11978073 -0.12140488 -0.12302904 -0.12465319 -0.12615939 -0.12382719 -0.12149499 -0.1191628 -0.1168306 -0.10309287 -0.10071246 -0.099752368 -0.098792275 -0.097832181 -0.10835945 -0.11386368 -0.11394844 -0.11403321 -0.11411798 -0.10725098 -0.10894388 -0.11788877
-0.11225272 -0.11325723 -0.11426174 -0.12799486 -0.14393145 -0.14320967 -0.13116782 -0.12515523 -0.13093214 -0.13670904 -0.14248595 -0.13699778 -0.13112254 -0.12524729 -0.12067345 -0.11678388 -0.11396464 -0.11251501 -0.11106538 -0.11098289 -0.1168247 -0.12252706 -0.11577496 -0.10902286 -0.10650831 -0.10459939 -0.10269046 -0.10415327 -0.10717387 -0.11019447 -0.11489115 -0.12131135 -0.12476359 -0.1228678 -0.12174915 -0.1233733 -0.12499745 -0.12650365 -0.12417145 -0.12183926 -0.11950706 -0.10433597 -0.088619624 -0.086239211 -0.085279117 -0.084319024 -0.09714313 -0.11401536 -0.11951959 -0.11960436 -0.11968913 -0.11180124 -0.099929911 -0.10162281 -0.1105677
-0.11089878 -0.11291968 -0.12885627 -0.14479285 -0.16072944 -0.16000766 -0.14796581 -0.13592396 -0.12606906 -0.13184597 -0.13762287 -0.13213471 -0.12625946 -0.1220707 -0.11818112 -0.11429154 -0.1114723 -0.11002267 -0.1111959 -0.11703771 -0.12287952 -0.12858187 -0.12182978 -0.11507768 -0.10832559 -0.10508209 -0.10317316 -0.10463597 -0.10765657 -0.11286492 -0.11928513 -0.12570533 -0.12915757 -0.12726179 -0.125366 -0.12371756 -0.12534171 -0.12684791 -0.12451572 -0.12129541 -0.10557906 -0.089862719 -0.074146374 -0.07176596 -0.070805867 -0.085926813 -0.10279904 -0.11967128 -0.12517551 -0.12526027 -0.1163515 -0.10448017 -0.09260884 -0.094301739 -0.10324662
-0.11378108 -0.12971767 -0.14565425 -0.16159084 -0.17752743 -0.17680565 -0.1647638 -0.15272195 -0.1406801 -0.12863825 -0.13275979 -0.12735751 -0.12346794 -0.11957836 -0.11568879 -0.11179921 -0.10897997 -0.1114089 -0.11725071 -0.12309253 -0.12893434 -0.13463669 -0.1278846 -0.1211325 -0.1143804 -0.10762831 -0.10365587 -0.10511867 -0.1108387 -0.1172589 -0.12367911 -0.13009932 -0.13355155 -0.13165577 -0.12975998 -0.1278642 -0.12596842 -0.12719218 -0.1225385 -0.10682216 -0.091105813 -0.075389468 -0.059673123 -0.057838264 -0.074710496 -0.091582728 -0.10845496 -0.12532719 -0.13083142 -0.12090176 -0.10903043 -0.097159098 -0.085287769 -0.086980668 -0.096348902
-0.12291896 -0.13885555 -0.15479214 -0.17072872 -0.18666531 -0.18619463 -0.17415278 -0.16211093 -0.15006908 -0.13802723 -0.12598538 -0.12542148 -0.12153191 -0.11764233 -0.11375276 -0.10986318 -0.11024248 -0.11608429 -0.12192611 -0.12776792 -0.13360973 -0.13913065 -0.13484814 -0.12809604 -0.12134395 -0.11459185 -0.10783975 -0.11009733 -0.11651754 -0.12293775 -0.12935795 -0.13577816 -0.13554765 -0.13365186 -0.13175608 -0.1298603 -0.12796451 -0.1256567 -0.10994036 -0.094224016 -0.078507671 -0.062791326 -0.047890495 -0.060147244 -0.077019476 -0.093891708 -0.11076394 -0.12763617 -0.12741377 -0.11554244 -0.10367111 -0.091799781 -0.079928453 -0.081149564 -0.090615784
-0.11009498 -0.12183064 -0.13776723 -0.15370382 -0.16964041 -0.16944985 -0.15823659 -0.14619474 -0.13415289 -0.12211104 -0.11006919 -0.11848824 -0.12149592 -0.11760635 -0.11371677 -0.10982719 -0.1102065 -0.11604831 -0.12189012 -0.12773193 -0.13306261 -0.13782059 -0.14074245 -0.13816329 -0.13141119 -0.1246591 -0.117907 -0.12016458 -0.12658479 -0.13300499 -0.1394252 -0.12721547 -0.11906257 -0.1266472 -0.1255623 -0.12366651 -0.12177073 -0.11946292 -0.10374658 -0.088030231 -0.072313886 -0.058084092 -0.047463079 -0.054878984 -0.067897138 -0.08476937 -0.1016416 -0.11851383 -0.12230787 -0.11688341 -0.10501209 -0.093140756 -0.081269427 -0.08119764 -0.088373614
-0.11046765 -0.11240382 -0.12074232 -0.13667891 -0.1526155 -0.15242495 -0.14127532 -0.1301257 -0.11823671 -0.10619486 -0.094153009 -0.10257205 -0.11169416 -0.11757036 -0.11368078 -0.10979121 -0.11017051 -0.11601232 -0.12185413 -0.126974 -0.13175254 -0.13651052 -0.13943238 -0.14235424 -0.14147844 -0.13472634 -0.12797425 -0.13023183 -0.13665203 -0.14307224 -0.12675871 -0.10987199 -0.10171909 -0.10930372 -0.11688836 -0.11747273 -0.11557694 -0.11326913 -0.09755279 -0.081836445 -0.068277688 -0.057656675 -0.047035662 -0.054451568 -0.063788465 -0.075647032 -0.092519264 -0.1093915 -0.11318553 -0.11074481 -0.10635306 -0.094481731 -0.082610402 -0.082538615 -0.088775341
-0.11084031 -0.11277649 -0.11471267 -0.11965401 -0.13559059 -0.13540004 -0.12425042 -0.11310079 -0.10195117 -0.090278675 -0.078236825 -0.08665587 -0.095777977 -0.10490008 -0.1136448 -0.10975522 -0.11013453 -0.11597634 -0.12088539 -0.12566393 -0.13044247 -0.13520045 -0.13812231 -0.14104417 -0.14396603 -0.14479359 -0.13804149 -0.14029907 -0.14318866 -0.12630194 -0.10941523 -0.092528512 -0.084375608 -0.091960241 -0.099544875 -0.10712951 -0.10938316 -0.10707535 -0.091359005 -0.078471285 -0.067850272 -0.057229259 -0.046608246 -0.054024152 -0.063361049 -0.072697946 -0.083396926 -0.10026916 -0.10406319 -0.10162247 -0.099181742 -0.095822706 -0.083951377 -0.08387959 -0.090116316
-0.11121298 -0.11314915 -0.11508533 -0.11702151 -0.11895768 -0.11837514 -0.10722551 -0.096075888 -0.084926263 -0.073776639 -0.062320641 -0.070739686 -0.079861793 -0.088983899 -0.098106006 -0.10722811 -0.11001824 -0.11479678 -0.11957532 -0.12435387 -0.12913241 -0.13389039 -0.13681225 -0.13973411 -0.14265597 -0.14557783 -0.14810874 -0.14273189 -0.12584518 -0.10895846 -0.092071746 -0.075185031 -0.067032127 -0.07461676 -0.082201393 -0.089786027 -0.09737066 -0.10088156 -0.088664881 -0.078043868 -0.067422855 -0.056801842 -0.046180829 -0.053596735 -0.062933632 -0.072270529 -0.081607426 -0.091146819 -0.094940856 -0.09250013 -0.090059404 -0.087618678 -0.085177951 -0.085220565 -0.091457291
-0.10622284 -0.10815902 -0.11009519 -0.11203137 -0.11396755 -0.12157051 -0.1165384 -0.10538878 -0.094239154 -0.083089529 -0.071939905 -0.05773847 -0.066860576 -0.075982683 -0.085104789 -0.094226896 -0.10144361 -0.10622215 -0.11100069 -0.11577923 -0.12055777 -0.127224 -0.12674312 -0.12966498 -0.13258684 -0.1355087 -0.13843056 -0.12780363 -0.11091691 -0.094030195 -0.07714348 -0.06288002 -0.063523753 -0.070124523 -0.077709157 -0.08529379 -0.092878423 -0.099920298 -0.089299285 -0.078678272 -0.068057259 -0.057436246 -0.057746398 -0.055923344 -0.065260241 -0.074597138 -0.083934035 -0.093270932 -0.09616468 -0.093941375 -0.091500649 -0.089059923 -0.086619197 -0.085938748 -0.091448564
-0.10606122 -0.10083686 -0.10277304 -0.10470921 -0.10664539 -0.11424835 -0.12570214 -0.12615468 -0.11500506 -0.10385543 -0.092705808 -0.075410104 -0.057903214 -0.064249042 -0.073371149 -0.082493255 -0.089709965 -0.094488506 -0.099267047 -0.10414965 -0.11126901 -0.11829528 -0.11700884 -0.11578697 -0.11870883 -0.12163069 -0.12455255 -0.11392562 -0.097038902 -0.080152187 -0.068504945 -0.066476632 -0.067120365 -0.072578883 -0.078805294 -0.086389927 -0.093974561 -0.10101644 -0.090395423 -0.07977441 -0.069153397 -0.071542481 -0.076707261 -0.073552267 -0.069511189 -0.078121336 -0.087458233 -0.09679513 -0.099688879 -0.099510988 -0.097535477 -0.095094751 -0.092654025 -0.091973577 -0.092234245
-0.10879704 -0.10263922 -0.096481408 -0.097387059 -0.099323235 -0.1069262 -0.11837998 -0.12983377 -0.13577096 -0.12462134 -0.11347171 -0.096176008 -0.078669117 -0.061162227 -0.061637508 -0.070759615 -0.077976324 -0.082754865 -0.088101576 -0.095220931 -0.10234029 -0.10936656 -0.10808012 -0.10679367 -0.10550723 -0.10775269 -0.11067455 -0.10004761 -0.083160894 -0.07412987 -0.072101557 -0.070073244 -0.070716977 -0.076175495 -0.081634013 -0.087486065 -0.095070698 -0.10211257 -0.091491561 -0.080870548 -0.085338564 -0.090503345 -0.095668125 -0.092513131 -0.088472053 -0.084430975 -0.090982432 -0.10031933 -0.10321308 -0.10303519 -0.1028573 -0.10112958 -0.098688854 -0.098008405 -0.098269073
-0.11153286 -0.10537504 -0.099217226 -0.093059411 -0.092001079 -0.099604043 -0.11105783 -0.12251161 -0.1339654 -0.14538724 -0.13423761 -0.11694191 -0.099435021 -0.08192813 -0.064421239 -0.059025974 -0.066242684 -0.0720535 -0.079172855 -0.086292211 -0.093411566 -0.10043784 -0.099151398 -0.097864954 -0.09657851 -0.095292066 -0.096796537 -0.086169601 -0.079754795 -0.077726482 -0.075698169 -0.073669856 -0.074313589 -0.079772107 -0.085230625 -0.090689143 -0.096166836 -0.10320871 -0.093969866 -0.099134647 -0.10429943 -0.10946421 -0.11462899 -0.11147399 -0.10743292 -0.10339184 -0.099350761 -0.10384353 -0.10673728 -0.10655938 -0.10638149 -0.1062036 -0.10472368 -0.10404323 -0.1043039
-0.112249 -0.10609119 -0.099933371 -0.093775556 -0.087617741 -0.092298259 -0.10375204 -0.11520583 -0.12665961 -0.1381134 -0.14956718 -0.13302236 -0.11551547 -0.098008575 -0.080501684 -0.062994793 -0.059000085 -0.06611944 -0.073238796 -0.080358151 -0.087477507 -0.091915994 -0.090673252 -0.089386808 -0.088100364 -0.086813919 -0.085527475 -0.083733603 -0.08170529 -0.079676977 -0.077648664 -0.07562035 -0.077955805 -0.083414323 -0.088872841 -0.09433136 -0.099789878 -0.10523964 -0.11040442 -0.1155692 -0.12073398 -0.12589876 -0.13067346 -0.12711557 -0.12307449 -0.11903342 -0.11499234 -0.11095126 -0.11117301 -0.11099512 -0.11081723 -0.11063933 -0.11046144 -0.10944145 -0.10970212
-0.10291958 -0.096761762 -0.090603947 -0.084453997 -0.078466917 -0.083771098 -0.09652769 -0.10798147 -0.11943526 -0.13088904 -0.14234283 -0.125798 -0.10829111 -0.090784222 -0.073277331 -0.067220942 -0.067961038 -0.075080393 -0.082199749 -0.089319105 -0.091144611 -0.085402309 -0.084351078 -0.083149751 -0.081863307 -0.080576863 -0.079290419 -0.077496546 -0.075468233 -0.07343992 -0.071411607 -0.079863624 -0.087683958 -0.08737591 -0.092741887 -0.098200405 -0.10365892 -0.10910868 -0.11427347 -0.11943825 -0.12460303 -0.12882647 -0.12980538 -0.12624749 -0.12220641 -0.11816534 -0.1143307 -0.11881528 -0.12014257 -0.11996468 -0.11978679 -0.1196089 -0.113681 -0.11167324 -0.11193391
-0.093590154 -0.087432339 -0.081323817 -0.075336737 -0.069349656 -0.074653838 -0.087630908 -0.10060798 -0.11221091 -0.12366469 -0.13511847 -0.11857365 -0.10106676 -0.084672321 -0.080427108 -0.076181895 -0.076921991 -0.084041346 -0.091160702 -0.090425754 -0.084630926 -0.078888624 -0.077837393 -0.076786162 -0.075626251 -0.074339806 -0.073053362 -0.07125949 -0.069231177 -0.067202864 -0.078183276 -0.090514594 -0.098334928 -0.09802688 -0.097718832 -0.10206945 -0.10752797 -0.11297773 -0.11814251 -0.12330729 -0.12697947 -0.12795839 -0.12893731 -0.12537941 -0.12133834 -0.11881569 -0.12330027 -0.12778485 -0.12911213 -0.12893424 -0.1284141 -0.12216345 -0.11591279 -0.11390504 -0.1141657
-0.084260731 -0.078193637 -0.072206556 -0.066219476 -0.060232396 -0.065536578 -0.078513648 -0.091490719 -0.10446779 -0.11644034 -0.12789412 -0.1113493 -0.097878487 -0.093633274 -0.089388061 -0.085142848 -0.085882944 -0.0930023 -0.089706898 -0.083912069 -0.078117241 -0.072374939 -0.071323708 -0.070272477 -0.069221246 -0.06810275 -0.066816306 -0.065022433 -0.064171611 -0.076502929 -0.088834246 -0.10116556 -0.1089859 -0.10867785 -0.1083698 -0.10806175 -0.11139702 -0.11684678 -0.12201156 -0.12513247 -0.12611139 -0.12709031 -0.12806923 -0.12451133 -0.12330067 -0.12778525 -0.13226983 -0.13675441 -0.1380817 -0.13689655 -0.1306459 -0.12439524 -0.11814459 -0.11613683 -0.11638075
-0.075063456 -0.069076376 -0.063089296 -0.057102216 -0.051115136 -0.056419317 -0.069396388 -0.082373458 -0.095350529 -0.1083276 -0.12066977 -0.11108465 -0.10683944 -0.10259423 -0.098349014 -0.094103801 -0.09478287 -0.088988042 -0.083193213 -0.077398384 -0.071603556 -0.065861254 -0.064810023 -0.063758792 -0.06270756 -0.061656329 -0.060579249 -0.062491264 -0.074822581 -0.087153899 -0.099485216 -0.11181653 -0.11963687 -0.11932882 -0.11902077 -0.11871272 -0.11840468 -0.12071582 -0.12328547 -0.12426439 -0.12524331 -0.12622223 -0.12720115 -0.12778565 -0.13227023 -0.13675481 -0.14123939 -0.14572397 -0.145379 -0.13912835 -0.13287769 -0.12662704 -0.12037638 -0.1183388 -0.11848008
-0.082073072 -0.076085992 -0.070098911 -0.064111831 -0.058124751 -0.053550692 -0.062956677 -0.075933748 -0.088910818 -0.10188789 -0.11486496 -0.12215783 -0.11791261 -0.1136674 -0.10942219 -0.10517697 -0.10025199 -0.09445716 -0.088662332 -0.082867503 -0.077072675 -0.061374031 -0.060432664 -0.059381432 -0.058330201 -0.05727897 -0.056227739 -0.064329988 -0.076661306 -0.088992624 -0.10132394 -0.11374272 -0.12536966 -0.12891692 -0.12860887 -0.12830083 -0.12799278 -0.1277231 -0.12870202 -0.12968093 -0.13065985 -0.13163877 -0.12739874 -0.12372511 -0.1282097 -0.13269428 -0.13717886 -0.14166344 -0.14911141 -0.1435652 -0.13731455 -0.1310639 -0.12481324 -0.12050154 -0.12039626
