mean_models/J1_mean_vp_slide_diff2_220.dat.tif
NCOLS 118
NROWS 92
XLLCORNER 139.62
YLLCORNER -39.07
DX 0.099491525
DY 0.099347826
NODATA_VALUE -9999
[rows 24 to 47 of 92, columns 0 to 52 of 118]
-9999 0.063445184 0.069511557 0.075577931 0.081644304 0.087710678 0.093777051 0.096368544 0.093632201 0.090895858 0.088159514 0.085423171 0.082686828 0.080231418 0.078338591 0.076445765 0.074552939 0.072660113 0.070767286 0.068521868 0.061415852 0.054309836 0.047203819 0.040097803 0.032991786 0.027030118 0.024135589 0.02124106 0.018346531 0.015452003 0.012557474 0.009273613 0.0093547239 0.0094358348 0.0095169457 0.0095980566 0.0096791675 0.0095431998 0.010404831 0.011266462 0.012128093 0.012989723 0.013851354 0.015022966 0.016417418 0.01781187 0.019206322 0.020600775 0.021841755 0.023964308 0.025648735 0.027333162 0.029017589
-9999 0.056712821 0.062779194 0.068845568 0.074911941 0.080978315 0.089662511 0.096069399 0.095864249 0.093127905 0.090391562 0.087655219 0.084918876 0.081261638 0.076710451 0.074817625 0.072924799 0.071031972 0.069139146 0.065669929 0.058563913 0.051457896 0.04435188 0.037245864 0.030891299 0.025923535 0.021280812 0.018386283 0.015491754 0.012597225 0.0097026964 0.0078245487 0.0079056596 0.0079867705 0.0080678814 0.0081489923 0.0043308428 0.00012662421 0.0015135432 0.0023751741 0.003236805 0.004098436 0.0049600669 0.0057251886 0.0068160701 0.0082105224 0.0096049747 0.010999427 0.012393879 0.021558224 0.024528796 0.026213223 0.02789765
-9999 0.048504577 0.05457095 0.060637324 0.066703697 0.076792189 0.087602841 0.094009728 0.095334107 0.096330922 0.093594578 0.090858235 0.088121892 0.084464654 0.07896327 0.073461886 0.071527799 0.069634973 0.067742146 0.06427293 0.057166913 0.050060897 0.04295488 0.037204977 0.032299713 0.027331949 0.022196669 0.017061388 0.014091373 0.011196844 0.0083023148 0.0064241671 0.006505278 0.0065863889 0.0066674998 0.00071585068 -0.0076190097 -0.011823228 -0.010117978 -0.0085351196 -0.0076734887 -0.0068118577 -0.0059502268 -0.0051851051 -0.0044893626 -0.0035459189 -0.0021514666 -0.00075701432 0.00063743795 0.0098017828 0.020308976 0.02495383 0.026638257
-9999 0.040296332 0.046362706 0.053111216 0.063921867 0.074732519 0.08554317 0.091950058 0.093274437 0.094598816 0.095923195 0.094061251 0.091324908 0.08766767 0.082166286 0.076664902 0.071163518 0.068237973 0.066345147 0.06287593 0.055769914 0.048663897 0.043518655 0.038613391 0.033708127 0.028740363 0.023605083 0.018469802 0.013334522 0.0097964621 0.0069019332 0.0050237855 0.0051048964 0.0051860073 -0.0028991414 -0.011234002 -0.019568862 -0.023773081 -0.02206783 -0.02036258 -0.018657329 -0.017722151 -0.016860521 -0.016095399 -0.015399656 -0.014703914 -0.013907908 -0.012513456 -0.011119003 -0.0019546585 0.0085525349 0.019059728 0.025378865
-9999 0.032088088 0.040240894 0.051051545 0.061862197 0.072672848 0.083483499 0.089890387 0.091214766 0.092539145 0.093863524 0.095187903 0.094527925 0.090870686 0.085369302 0.079867918 0.074366535 0.068865151 0.064948147 0.061478931 0.054737596 0.049832333 0.044927069 0.040021805 0.035116541 0.030148777 0.025013497 0.019878216 0.014742936 0.0096076555 0.0055015516 0.0036234039 0.0018207269 -0.0065141334 -0.014848994 -0.023183854 -0.031518715 -0.035722933 -0.034017683 -0.032312432 -0.030607182 -0.028901931 -0.027770814 -0.027005693 -0.02630995 -0.025614208 -0.024918465 -0.024222723 -0.022875445 -0.0137111 -0.0032039063 0.0073032871 0.01781048
-9999 0.02714915 0.037959801 0.048770453 0.059581104 0.070391755 0.081202406 0.086860841 0.08818522 0.089509599 0.090833978 0.092158357 0.093482736 0.092594701 0.087093317 0.081591933 0.076090549 0.070589165 0.065087782 0.059766655 0.054861392 0.049956128 0.045050864 0.0401456 0.035240336 0.030970495 0.025835214 0.020699934 0.015564653 0.010429373 0.0052940927 -0.00093405953 -0.0092689199 -0.01760378 -0.025938641 -0.034273501 -0.042608361 -0.044979867 -0.043274616 -0.041569366 -0.039864115 -0.038158865 -0.036453614 -0.035954646 -0.035258904 -0.034563161 -0.033867419 -0.033171676 -0.032475934 -0.025027353 -0.014520159 -0.0040129659 0.0064942275
-9999 0.023045239 0.033855891 0.044666542 0.055477193 0.066287844 0.070581496 0.073995486 0.077171351 0.07849573 0.079820109 0.081144488 0.082468867 0.081666831 0.076606526 0.071140331 0.065638947 0.060137563 0.054636179 0.049315053 0.044409789 0.039504525 0.034599261 0.029693997 0.028533919 0.027435545 0.021876836 0.016691778 0.011556497 0.0064212168 0.0012859364 -0.0049422159 -0.013277076 -0.021611937 -0.029946797 -0.038281657 -0.046851994 -0.045457093 -0.030362569 -0.028657319 -0.026952069 -0.025246818 -0.023541568 -0.025168923 -0.028061471 -0.027365728 -0.026669986 -0.025974243 -0.025278501 -0.026887886 -0.02221264 -0.011705447 -0.0011982536
-9999 0.018941329 0.02975198 0.040562631 0.049950652 0.053525007 0.057099362 0.060513352 0.06374226 0.066971168 0.06880624 0.070130619 0.071454998 0.070652962 0.065592657 0.060532352 0.055187344 0.04968596 0.044184576 0.03886345 0.033958186 0.029052922 0.024147658 0.024490759 0.025056534 0.02395816 0.018399451 0.012840741 0.0075483408 0.0024130604 -0.00272222 -0.0089503722 -0.017285233 -0.025620093 -0.033970893 -0.042599844 -0.051228794 -0.049833893 -0.034098451 -0.018363008 -0.014040022 -0.012334771 -0.010629521 -0.012256876 -0.016279999 -0.020168295 -0.019472553 -0.01877681 -0.018081068 -0.019690453 -0.021698228 -0.019397928 -0.0088907346
-9999 0.014837418 0.025648069 0.032894162 0.036468517 0.040042873 0.043617228 0.047031218 0.050260126 0.053489034 0.056717941 0.05911675 0.060441129 0.059639093 0.054578788 0.049518483 0.044458178 0.039234357 0.033732973 0.028411847 0.023506583 0.019881823 0.020447598 0.021013373 0.021579148 0.020480775 0.014922065 0.0093633557 0.0038046461 -0.0015950959 -0.0067303763 -0.012958529 -0.021293389 -0.029718743 -0.038347693 -0.046976644 -0.055605594 -0.054210693 -0.038475251 -0.022739808 -0.007004366 0.00057727536 0.0022825258 0.00065517051 -0.0033679526 -0.0073910757 -0.011414199 -0.011579377 -0.010883635 -0.012493021 -0.014500795 -0.01650857 -0.016583216
-9999 0.010733507 0.015837673 0.019412028 0.022986383 0.026560739 0.030135094 0.033549084 0.036777992 0.0400069 0.043235807 0.046464715 0.04942726 0.048625224 0.043564919 0.038504614 0.033444309 0.028384005 0.023281371 0.017960245 0.015838663 0.016404438 0.016970213 0.017535988 0.018101763 0.01700339 0.01144468 0.0058859704 0.00032726083 -0.0052314487 -0.010738533 -0.016966685 -0.025466592 -0.034095543 -0.042724493 -0.051353444 -0.059982395 -0.058587493 -0.042852051 -0.027116609 -0.011381166 0.0043542763 0.015194573 0.013567217 0.0095440941 0.005520971 0.0014978479 -0.0025252752 -0.0036862018 -0.0052955876 -0.0073033621 -0.0093111366 -0.011318911
-9999 -0.00046058846 0.0031137669 0.0066881223 0.010262478 0.013836833 0.017411188 0.02510388 0.028320119 0.031549027 0.034777934 0.038006842 0.04123575 0.044751697 0.041142576 0.036082271 0.031021966 0.025961661 0.020901356 0.017542294 0.018108069 0.018673844 0.019239619 0.019805394 0.02037117 0.011165832 0.004463244 -0.0010954655 -0.0066541751 -0.012212885 -0.017771594 -0.024378998 -0.033007948 -0.041636899 -0.050265849 -0.0588948 -0.067523751 -0.065951215 -0.051287864 -0.035552421 -0.019816979 -0.0040815364 0.011653906 0.016219727 0.012196604 0.0081734808 0.0041503577 0.00012723464 -0.0038958885 -0.0026557523 -0.0046635269 -0.0066713014 -0.0086790759
-9999 -0.011933967 -0.0083596112 -0.0047852558 -0.0012109004 0.0049260111 0.017391321 0.025403652 0.028276673 0.031377544 0.034606451 0.037835359 0.041064267 0.044580214 0.048670974 0.047829719 0.042769415 0.03770911 0.032648805 0.029289742 0.029855518 0.030421293 0.030987068 0.030664092 0.017726048 0.0053250437 -0.0056365616 -0.013856046 -0.019414755 -0.024973465 -0.030532175 -0.037139578 -0.045768529 -0.054397479 -0.06302643 -0.069080723 -0.063048164 -0.059933977 -0.060994934 -0.050682663 -0.034947221 -0.019211778 -0.0034763359 0.0011694029 -0.002157105 -0.0060948107 -0.010117934 -0.014141057 -0.01816418 -0.013881846 -0.0095404253 -0.0115482 -0.013555974
-9999 -0.023407345 -0.019832989 -0.016258634 -0.0072395272 0.0052257824 0.017691092 0.025703423 0.028576444 0.031449466 0.034434968 0.037663876 0.040892784 0.044408731 0.048499491 0.052590251 0.054516863 0.049456558 0.044396253 0.041037191 0.041602966 0.042168741 0.037761348 0.024823304 0.01188526 -0.00051574458 -0.01147735 -0.022438955 -0.032175336 -0.037734045 -0.043292755 -0.049900158 -0.058529109 -0.06715806 -0.069096044 -0.063063485 -0.057030925 -0.053916738 -0.054977695 -0.056038652 -0.050077463 -0.03434202 -0.018606578 -0.013960839 -0.017287347 -0.020613855 -0.024386225 -0.028409349 -0.032432472 -0.028150138 -0.022432395 -0.016714653 -0.018432873
-9999 -0.034880723 -0.031306367 -0.019405065 -0.0069397559 0.0055255536 0.017990863 0.026003194 0.028876216 0.031749237 0.034622259 0.037495281 0.040721301 0.044237248 0.048328008 0.052418768 0.056509528 0.060600287 0.056143702 0.052784639 0.053350414 0.044858603 0.031920559 0.018982516 0.0060444718 -0.0063565329 -0.017318138 -0.028279743 -0.039241349 -0.050202954 -0.056053335 -0.062660739 -0.071289689 -0.069111364 -0.063078805 -0.057046246 -0.051013687 -0.047899499 -0.048960456 -0.050021413 -0.051082371 -0.049472262 -0.03373682 -0.029091081 -0.032417589 -0.035744097 -0.039070605 -0.04267764 -0.046700763 -0.042418429 -0.036700687 -0.030982945 -0.025265202
-9999 -0.044035913 -0.031570604 -0.019105294 -0.0066399846 0.0058253249 0.018290634 0.026302965 0.029175987 0.032049009 0.03492203 0.037795052 0.040668074 0.044065765 0.048156525 0.052247285 0.056338045 0.060428804 0.064519564 0.064532088 0.051955859 0.039017815 0.026079771 0.013141727 0.00020368356 -0.012197321 -0.023158926 -0.034120532 -0.045082137 -0.056043742 -0.067005348 -0.075159243 -0.069126684 -0.063094125 -0.057061566 -0.051029007 -0.044996448 -0.041882261 -0.042943218 -0.044004175 -0.045065132 -0.046126089 -0.047187046 -0.044221323 -0.047547831 -0.050874339 -0.054200847 -0.057527355 -0.060969055 -0.056686721 -0.050968979 -0.045251236 -0.039533494
-9999 -0.03928131 -0.026816 -0.014350691 -0.0018853814 0.010579928 0.016859093 0.017566705 0.020439726 0.023312748 0.02618577 0.029058791 0.034127879 0.038941716 0.037254744 0.041345504 0.045436264 0.049527024 0.053617783 0.052559288 0.039621245 0.026683201 0.013745157 0.00080711322 -0.010485346 -0.017142556 -0.025954458 -0.036916063 -0.047877668 -0.058839274 -0.069800879 -0.074957834 -0.068925275 -0.062892716 -0.056860157 -0.050827597 -0.043827576 -0.039168018 -0.040228975 -0.041289932 -0.042350889 -0.043411846 -0.045388196 -0.047564195 -0.050339368 -0.053665876 -0.056992384 -0.060318892 -0.0636454 -0.059260413 -0.05354267 -0.047824928 -0.042107186
-9999 -0.033020021 -0.020554712 -0.0080894021 0.0043759074 0.0062353396 0.0050667219 0.0057743337 0.0086473554 0.011520377 0.014393399 0.02166955 0.031350891 0.036164728 0.031231109 0.026814588 0.030905348 0.034996108 0.039086868 0.038028373 0.025090329 0.012152285 -0.00078575841 -0.010046717 -0.016268253 -0.022925464 -0.030750388 -0.038681647 -0.049643252 -0.060604857 -0.071566463 -0.076723417 -0.070690858 -0.064658299 -0.05862574 -0.050888575 -0.042230452 -0.037570894 -0.038631851 -0.039692808 -0.040753765 -0.043183855 -0.045996378 -0.048172377 -0.049890787 -0.052284293 -0.055610801 -0.058937309 -0.062263817 -0.05787883 -0.052161088 -0.046443345 -0.044618323
-9999 -0.026758732 -0.014293423 -0.0032197961 -0.0043884137 -0.0055570314 -0.0067256491 -0.0060180372 -0.0031450156 -0.00027199389 0.0092112215 0.018892562 0.028573903 0.033387741 0.028454122 0.023520503 0.018586884 0.020465193 0.024555953 0.023497458 0.010559414 -0.00237863 -0.0096080873 -0.015829624 -0.022051161 -0.028708371 -0.036533295 -0.044358219 -0.052183143 -0.062370441 -0.073332046 -0.078489001 -0.072456442 -0.066423883 -0.057949574 -0.049291451 -0.040633327 -0.035973769 -0.037034726 -0.038166992 -0.040979514 -0.043792037 -0.046604559 -0.048780558 -0.050498969 -0.05221738 -0.054229218 -0.057555726 -0.060882234 -0.056497247 -0.050779505 -0.05136618 -0.056832706
-9999 -0.020497444 -0.013843549 -0.015012167 -0.016180785 -0.017349402 -0.01851802 -0.017810408 -0.012928448 -0.0032471071 0.0064342338 0.016115575 0.025796916 0.030610753 0.025677134 0.020743515 0.015809896 0.010876277 0.010025037 0.0089665421 -0.0029479212 -0.0091694579 -0.015390995 -0.021612531 -0.027834068 -0.034491278 -0.042316202 -0.050141127 -0.057966051 -0.065790975 -0.07509763 -0.080254585 -0.073668697 -0.065010574 -0.05635245 -0.047694326 -0.039036203 -0.034376645 -0.035962651 -0.038775173 -0.041587696 -0.044400218 -0.047212741 -0.04938874 -0.05110715 -0.052825561 -0.054543972 -0.056262382 -0.059500651 -0.055115665 -0.058114036 -0.063580563 -0.069047089
-9999 -0.022693118 -0.023861735 -0.025030353 -0.026198971 -0.027367588 -0.028536206 -0.024601264 -0.014919923 -0.0052385821 0.0044427588 0.0141241 0.023805441 0.028094424 0.023160805 0.018227186 0.013293567 0.0083599479 0.003426329 -0.001896737 -0.0081182737 -0.01433981 -0.020561347 -0.026782884 -0.033004421 -0.037862477 -0.045687401 -0.053512325 -0.061337249 -0.069162173 -0.076987098 -0.079181952 -0.070523828 -0.061865705 -0.053207581 -0.044549458 -0.035891334 -0.032733539 -0.035546062 -0.038358584 -0.041171107 -0.043983629 -0.046796152 -0.049681286 -0.051399696 -0.053118107 -0.054836518 -0.056554928 -0.058273339 -0.063585281 -0.069051807 -0.074518334 -0.07998486
-9999 -0.019330299 -0.020498917 -0.021667535 -0.022836152 -0.02400477 -0.023835633 -0.019658266 -0.010987017 -0.0013056765 0.0083756644 0.018057005 0.027738346 0.03138084 0.022930196 0.017676757 0.012743138 0.0078095187 0.0028758997 -0.0024471662 -0.0086687029 -0.01489024 -0.021111776 -0.027333313 -0.036478796 -0.041704099 -0.032994543 -0.03869428 -0.046519204 -0.054344128 -0.062169052 -0.064363906 -0.055705783 -0.047047659 -0.038389536 -0.029731412 -0.025257979 -0.024423682 -0.027400597 -0.030213119 -0.033025642 -0.035838164 -0.038650687 -0.043736697 -0.049311701 -0.051030112 -0.052748522 -0.054466933 -0.056185343 -0.063534337 -0.070361296 -0.075827823 -0.081294349
-9999 -0.015967481 -0.017136099 -0.018304716 -0.019168301 -0.018869989 -0.018571678 -0.014394311 -0.0057400162 0.0029142786 0.01230857 0.021989911 0.031671252 0.035313746 0.026863102 0.018412457 0.012192708 0.0072590894 0.0023254705 -0.0029975955 -0.0092191322 -0.015440669 -0.021662206 -0.031962431 -0.042386821 -0.047612124 -0.038902568 -0.030193013 -0.031701159 -0.039526083 -0.047351007 -0.049545861 -0.040887738 -0.032229614 -0.023907493 -0.020405054 -0.016902615 -0.016068318 -0.019051177 -0.022034036 -0.024880177 -0.027692699 -0.030505222 -0.035591232 -0.042311622 -0.048942116 -0.050660527 -0.052378937 -0.054097348 -0.061446341 -0.069768452 -0.077137311 -0.082603838
-9999 -0.012604663 -0.013773281 -0.014202657 -0.013904346 -0.013606034 -0.013307723 -0.0091303559 -0.00047606107 0.0081782337 0.016832529 0.025922817 0.035604158 0.039246652 0.030796007 0.022345363 0.013894719 0.0067086602 0.0017750413 -0.0035480247 -0.0097695614 -0.017021675 -0.027446065 -0.037870456 -0.048294846 -0.053520149 -0.044810593 -0.036101038 -0.027391482 -0.024708037 -0.032532962 -0.034727816 -0.026069692 -0.019054569 -0.01555213 -0.012049691 -0.0085472517 -0.0077129548 -0.010695814 -0.013678673 -0.016661531 -0.019547235 -0.022359757 -0.027445767 -0.034166158 -0.040886548 -0.047606939 -0.050290942 -0.052009353 -0.059358346 -0.067680457 -0.076002567 -0.083913327
-9999 -0.0092418446 -0.0092370134 -0.0089387019 -0.0086403905 -0.008342079 -0.0080437675 -0.0038664007 0.0047878941 0.013442189 0.022096484 0.030750778 0.039537063 0.043179557 0.034728913 0.026278269 0.017827624 0.0093769799 0.001224612 -0.0040984539 -0.012505309 -0.0229297 -0.03335409 -0.043778481 -0.054202871 -0.059428174 -0.050718618 -0.042009063 -0.033299507 -0.024589951 -0.017714916 -0.01990977 -0.014201644 -0.010699205 -0.007196766 -0.0036943271 -0.00019188812 0.00064240872 -0.0023404501 -0.005323309 -0.0083061678 -0.011289027 -0.014214292 -0.019300302 -0.026020693 -0.032741083 -0.039461474 -0.046181865 -0.049921357 -0.05727035 -0.065592461 -0.073914572 -0.082236683
