mean_models/J1_mean_vp_slide_diff2_320.dat.tif
NCOLS 118
NROWS 92
XLLCORNER 139.62
YLLCORNER -39.07
DX 0.099491525
DY 0.099347826
NODATA_VALUE -9999
[rows 0 to 23 of 92, columns 53 to 105 of 118]
-9999 -9999 -9999 -9999 -9999 -9999 -9999 -9999 -9999 -9999 -9999 -9999 -9999 -9999 -9999 -9999 -9999 -9999 -9999 -9999 -9999 -9999 -9999 -9999 -9999 -9999 -9999 -9999 -9999 -9999 -9999 -9999 -9999 -9999 -9999 -9999 -9999 -9999 -9999 -9999 -9999 -9999 -9999 -9999 -9999 -9999 -9999 -9999 -9999 -9999 -9999 -9999 -9999
-0.042630105 -0.055744834 -0.053890091 -0.044474284 -0.035058477 -0.025642671 -0.016226864 -0.0084483331 -0.0039672098 -8.082213e-05 0.0038055656 0.0076919533 0.011578341 0.024247765 0.01835045 0.012453135 0.0065558202 0.00065850522 -0.0058610404 -0.0131768 -0.020492559 -0.027808318 -0.035124077 -0.03934111 -0.052844959 -0.038189858 -0.023534756 -0.0088796544 0.0057754473 -0.0027292087 -0.021934077 -0.041138945 -0.060343813 -0.076079768 -0.064827647 -0.04811142 -0.030398738 -0.012686055 0.005026628 0.022168637 0.020739275 0.019309913 0.017880552 0.01645119 0.014525381 -0.0049451354 -0.032740389 -0.060535643 -0.088330896 -0.11612615 -0.12242305 -0.10784882 -0.092768495
-0.046291072 -0.059405802 -0.062907193 -0.06318355 -0.053767743 -0.044351936 -0.034936129 -0.027157599 -0.020491666 -0.015551969 -0.011665582 -0.0077791939 -0.0038928062 0.012720556 0.029135898 0.023238583 0.017341269 0.011443954 0.004924408 -0.0023913513 -0.0097071106 -0.01702287 -0.020507112 -0.023851129 -0.046495775 -0.063825529 -0.049170428 -0.034515326 -0.019860224 -0.02836488 -0.047569748 -0.066774616 -0.079615655 -0.070597217 -0.059345096 -0.044068078 -0.027601682 -0.0098889995 0.0078236833 0.024965692 0.02353633 0.022106969 0.020677607 0.01870457 0.01650054 -0.0017830125 -0.022328323 -0.050123576 -0.07791883 -0.10571408 -0.11201098 -0.10805898 -0.093931693
-0.049952039 -0.063066769 -0.06656816 -0.070069551 -0.072477008 -0.063061201 -0.053645394 -0.045866864 -0.039200932 -0.032535 -0.027136729 -0.023250341 -0.019363953 -0.0027505912 0.014300086 0.031350762 0.028126717 0.022229402 0.015709856 0.0083940971 0.0012386762 -0.0018892268 -0.0050171298 -0.0083611467 -0.031005793 -0.05365044 -0.074806099 -0.060150998 -0.045495896 -0.054000552 -0.07320542 -0.083151541 -0.074133103 -0.065114666 -0.053862544 -0.038585527 -0.023308509 -0.0070919442 0.010620739 0.027762747 0.026333385 0.024904024 0.022883759 0.020679729 0.018475699 0.00019214651 -0.019803928 -0.039800003 -0.067506764 -0.095302017 -0.10159892 -0.097646914 -0.093694912
-0.053613007 -0.066727736 -0.070229127 -0.073730519 -0.07723191 -0.080733301 -0.07235466 -0.064576129 -0.057910197 -0.051244265 -0.044578333 -0.038721488 -0.034835101 -0.018221738 -0.0011710616 0.015879615 0.032930292 0.03301485 0.026495305 0.019856561 0.016728658 0.013600755 0.010472852 0.0071288352 -0.015515811 -0.038160458 -0.060805105 -0.083449751 -0.071131568 -0.079636224 -0.086687427 -0.07766899 -0.068650552 -0.059632115 -0.048379993 -0.033102976 -0.017825958 -0.0025489405 0.013417794 0.030559802 0.029130441 0.027062948 0.024858918 0.022654888 0.020450858 0.0021673055 -0.017828769 -0.037824844 -0.057820918 -0.084889951 -0.09118685 -0.087234848 -0.083282845
-0.057177674 -0.070388704 -0.073890095 -0.077391486 -0.080892877 -0.084394268 -0.087895659 -0.083285395 -0.076619463 -0.06995353 -0.063287598 -0.056621666 -0.050306248 -0.033692886 -0.016642209 0.0004084679 0.017459145 0.034509821 0.038474446 0.035346543 0.03221864 0.029090737 0.025962834 0.022618817 -2.5829517e-05 -0.022670476 -0.045315123 -0.067959769 -0.090604416 -0.090223314 -0.081204876 -0.072186439 -0.063168001 -0.054149564 -0.042897442 -0.027620424 -0.012343407 0.0029336107 0.018210628 0.033356858 0.031242137 0.029038107 0.026834077 0.024630047 0.022426017 0.0041424644 -0.01585361 -0.035849685 -0.055845759 -0.075841834 -0.080774784 -0.076822782 -0.072870779
-0.074009622 -0.049682362 -0.053183753 -0.056685144 -0.060186535 -0.063687927 -0.066029145 -0.077515292 -0.081573635 -0.074907703 -0.06824177 -0.061575838 -0.054909906 -0.038204208 -0.021153531 -0.0041028545 0.012947822 0.022505273 0.021302522 0.018174619 0.015046716 0.011918813 0.0088173567 0.023783711 0.021301396 -0.0013432506 -0.023987897 -0.046632544 -0.06927719 -0.070264719 -0.061246282 -0.052227844 -0.043209407 -0.036819918 -0.044282309 -0.052401816 -0.037124798 -0.021847781 -0.0065707632 0.0081850988 0.0059810689 0.003777039 0.0015730091 -0.00063102086 0.014383481 -0.0019249557 -0.02192103 -0.041917105 -0.06191318 -0.078109273 -0.079943842 -0.075991839 -0.072039837
-0.049442808 -0.025115547 -0.028616938 -0.032118329 -0.03561972 -0.037607236 -0.03924476 -0.050730906 -0.068909607 -0.077682678 -0.071016745 -0.064350813 -0.057684881 -0.040979183 -0.023928506 -0.0068778295 -0.00014295415 0.00015877652 -0.0010439744 -0.0041718774 -0.0072997804 -0.0077089505 0.0074436088 0.022409963 0.020746765 0.019083567 -0.0017358866 -0.024380533 -0.04702518 -0.048012708 -0.038994271 -0.029975834 -0.024593629 -0.023567552 -0.031029944 -0.053787785 -0.066700858 -0.05142384 -0.036146822 -0.02139096 -0.02359499 -0.02579902 -0.02800305 -0.011274306 0.0070418885 -0.0092665486 -0.029262623 -0.049258698 -0.064823624 -0.078796252 -0.080630821 -0.076678819 -0.072726817
-0.024875993 -0.00054873239 -0.0040501234 -0.0075478032 -0.0091853271 -0.010822851 -0.012460375 -0.023946521 -0.042125222 -0.060303922 -0.07379172 -0.067125788 -0.060459856 -0.043754158 -0.026703481 -0.022791182 -0.022489451 -0.02218772 -0.023390471 -0.026518374 -0.024235258 -0.0090826985 0.0060698609 0.021036215 0.019373017 0.017709819 0.016046621 -0.0021285226 -0.024773169 -0.025760698 -0.01674226 -0.01236734 -0.011341263 -0.010315186 -0.017777578 -0.040535419 -0.063293261 -0.080999899 -0.065722882 -0.05096702 -0.05317105 -0.055248289 -0.036932094 -0.018615899 -0.00029970448 -0.016608142 -0.036604216 -0.051537976 -0.065510604 -0.079483232 -0.081317801 -0.077365799 -0.074010932
-0.00030917754 0.024018083 0.020874106 0.019236582 0.017599058 0.015961534 0.01432401 0.0028378642 -0.015340836 -0.033519537 -0.051698238 -0.069876938 -0.063234831 -0.046529133 -0.045439409 -0.045137678 -0.044835948 -0.044534217 -0.045736968 -0.040761565 -0.025609006 -0.010456446 0.0046961129 0.019662467 0.017999269 0.016336071 0.014672873 0.013009675 -0.0025211586 -0.0035086872 -0.00014105055 0.0008850262 0.001911103 0.0029371797 -0.0045252119 -0.027283054 -0.050040895 -0.072798737 -0.095298941 -0.080543079 -0.080906076 -0.062589882 -0.044273687 -0.025957492 -0.0076412974 -0.023949735 -0.038252327 -0.052224955 -0.066197583 -0.080170212 -0.082004781 -0.078703573 -0.075612969
0.025046664 0.042671292 0.041033768 0.039396244 0.03775872 0.036121196 0.034483673 0.026272308 0.0080936074 -0.010085093 -0.028263794 -0.046442495 -0.064621195 -0.06493338 -0.06463165 -0.064329919 -0.064028188 -0.063726458 -0.054771744 -0.039619185 -0.024466626 -0.0093140662 0.0058384931 0.017624879 0.016779217 0.01511602 0.013452822 0.011789624 0.010126426 0.010302655 0.011328732 0.012354808 0.013380885 0.014406962 0.010131369 -0.012626472 -0.035384314 -0.058142156 -0.080899997 -0.10243331 -0.08411712 -0.065800925 -0.047484731 -0.029168536 -0.011838241 -0.024849757 -0.038822385 -0.052795014 -0.066767642 -0.08074027 -0.083234792 -0.080144187 -0.077053583
0.030494292 0.01941438 0.017776856 0.016139332 0.014501808 0.012864284 0.033400965 0.029931461 0.009573476 -0.0086052247 -0.026783925 -0.044962626 -0.063141327 -0.063453512 -0.063151781 -0.06285005 -0.06254832 -0.051880078 -0.037139368 -0.021986809 -0.0068342492 0.0083183101 0.017288273 0.010729726 0.015127252 0.01490325 0.013240052 0.011576854 0.0099136557 0.010089885 0.011115962 0.012142039 0.013168115 0.017430213 0.019289651 0.011232943 -0.011524899 -0.03428274 -0.057040582 -0.0785739 -0.060257705 -0.04194151 -0.023625315 -0.0076547602 -0.011642029 -0.024653545 -0.038626173 -0.052598802 -0.06657143 -0.081026843 -0.083617488 -0.080526883 -0.077436279
0.0072373799 -0.0038425322 -0.0054800561 -0.00711758 -0.0068254906 0.015781471 0.038388433 0.034918929 0.013729366 -0.007125356 -0.025304057 -0.043482757 -0.061661458 -0.061973643 -0.061671912 -0.061370182 -0.048666556 -0.034247701 -0.019506991 -0.0043544322 0.010798127 0.017074344 0.01039312 0.0038345731 0.0082320985 0.012629624 0.013027282 0.011364084 0.0097008858 0.0098771151 0.010903192 0.011929269 0.016739608 0.023110632 0.02497007 0.018700039 0.012334517 -0.010423325 -0.033181167 -0.054714484 -0.03639829 -0.018082095 -0.003471279 -0.0074585482 -0.011445817 -0.024457333 -0.038429962 -0.05240259 -0.066901762 -0.08140954 -0.084000184 -0.08090958 -0.077818975
-0.016019532 -0.027099444 -0.028736968 -0.024444985 -0.0018380227 0.020768939 0.043375901 0.039906397 0.018716834 -0.0024727288 -0.023662292 -0.042002889 -0.060181589 -0.060493774 -0.059871888 -0.045453034 -0.031034179 -0.016615325 -0.0018746151 0.013277944 0.016860415 0.010179191 0.0034979666 -0.00306058 0.0013369454 0.0057344709 0.010131996 0.011151314 0.0094881159 0.0096643452 0.010690422 0.016049002 0.022420026 0.028791051 0.030650489 0.024380458 0.018110427 0.011840396 -0.0093217514 -0.030855069 -0.012538874 0.00071220214 -0.0032750671 -0.0072623362 -0.011249605 -0.024261121 -0.038268902 -0.05277668 -0.067284458 -0.081792236 -0.08438288 -0.081292276 -0.061492397
-0.039276444 -0.050356356 -0.042064479 -0.019457517 0.0031494451 0.025756407 0.048363369 0.044893865 0.023704302 0.002514739 -0.018674824 -0.039864387 -0.058701721 -0.056658367 -0.042239512 -0.027820658 -0.013401803 0.0010170515 0.015757761 0.016646487 0.0099652624 0.003284038 -0.0033971865 -0.0099557331 -0.0055582077 -0.0011606822 0.0032368432 0.0076343686 0.0092753459 0.0094515752 0.015358397 0.021729421 0.028100445 0.03447147 0.036330908 0.030060877 0.023790846 0.017520815 0.011250784 -0.0069956537 0.0048956833 0.0009084141 -0.0030788551 -0.0070661243 -0.011053393 -0.024143821 -0.038651599 -0.053159376 -0.067667154 -0.082174932 -0.084765577 -0.064228091 -0.042771748
-0.049960245 -0.061859285 -0.0429897 -0.020382738 0.0022242235 0.024831185 0.047438147 0.054800807 0.033611244 0.012421681 -0.0087678821 -0.029957445 -0.051147008 -0.045982981 -0.031564126 -0.017145272 -0.0027264171 0.011692437 0.016855295 0.01017407 0.003492846 -0.0031883784 -0.0098696028 -0.016458285 -0.011614372 -0.0072168463 -0.0028193209 0.0015782046 0.00597573 0.011723102 0.018094126 0.02446515 0.030836175 0.037207199 0.030949176 0.024679145 0.018409114 0.012139083 0.0058690523 -0.00033292362 -0.0043201928 -0.008307462 -0.012294731 -0.016282 -0.016379658 -0.022425255 -0.036933033 -0.05144081 -0.065948588 -0.080456366 -0.074376996 -0.052920653 -0.031464311
-0.031428704 -0.043327745 -0.04862176 -0.0350469 -0.012439938 0.010167023 0.032773985 0.047321185 0.054949254 0.033759692 0.012570129 -0.0086194344 -0.029808997 -0.038769379 -0.037054256 -0.022635402 -0.0082165471 0.0062023075 0.011365165 0.0046839405 -0.001997284 -0.0086785084 -0.015425695 -0.022098705 -0.016339084 -0.011323505 -0.0069259795 -0.0025284541 0.0018690713 0.0076164431 0.013987467 0.020358492 0.026729516 0.033689483 0.0272028 -0.0037437569 -0.012677032 -0.018947063 -0.025217094 -0.03141907 -0.035406339 -0.039393608 -0.043380877 -0.042064288 -0.029122391 -0.025164205 -0.030331898 -0.044839676 -0.059347454 -0.073855231 -0.071989699 -0.058838825 -0.037382482
-0.012897164 -0.024796205 -0.03009022 -0.035384235 -0.0271041 -0.0044971384 0.018109823 0.032657023 0.041727275 0.050797526 0.033908139 0.012718576 -0.0084709867 -0.017431368 -0.02597154 -0.028125532 -0.013706677 0.00071217752 0.0058750349 -0.00080618952 -0.0074874139 -0.014253893 -0.021066115 -0.027739125 -0.021979504 -0.016219884 -0.011032638 -0.0066351127 -0.0022375873 0.0035097845 0.0098808088 0.016251833 0.023302128 0.030389867 0.023903184 -0.007043373 -0.03798993 -0.050033209 -0.05630324 -0.062505216 -0.066492485 -0.070479754 -0.067748917 -0.05480702 -0.041865124 -0.037906937 -0.034905546 -0.038238541 -0.052746319 -0.067254097 -0.065388564 -0.055717391 -0.043300653
0.0056343762 -0.0062646647 -0.01155868 -0.016852695 -0.02214671 -0.0191613 0.0034456616 0.017992861 0.027063113 0.036133364 0.045203616 0.034056587 0.012867024 0.0039066425 -0.0046335291 -0.013173701 -0.019196807 -0.0047779525 0.00038490493 -0.0062963195 -0.013082092 -0.019894313 -0.026706535 -0.033379545 -0.027619924 -0.021860304 -0.016100683 -0.010741771 -0.006344246 -0.0005968742 0.0058270342 0.012914773 0.020002512 0.02709025 0.020603568 -0.010342989 -0.041289547 -0.072236104 -0.087389386 -0.093591362 -0.097578631 -0.093433546 -0.08049165 -0.067549753 -0.054607856 -0.05064967 -0.047648279 -0.044646887 -0.046145184 -0.060652962 -0.05878743 -0.049116257 -0.039445083
0.017744933 0.012266876 0.0069728605 0.0016788453 -0.0036151698 -0.0089091849 -0.0112185 0.0033286996 0.012398951 0.021469203 0.030539454 0.039609706 0.034205035 0.025244653 0.016704482 0.0081643099 -0.00037586179 -0.0089160334 -0.005105225 -0.01191029 -0.018722512 -0.025534733 -0.032346955 -0.039019965 -0.033260344 -0.027500724 -0.021741103 -0.015981482 -0.010450905 -0.0045603206 0.0025274181 0.0096151569 0.016702896 0.023790634 0.017303952 -0.013642605 -0.044589163 -0.07553572 -0.10648228 -0.12467751 -0.11911818 -0.10617628 -0.093234382 -0.080292486 -0.067350589 -0.063392403 -0.060391011 -0.05738962 -0.054388228 -0.054051827 -0.052186295 -0.042515122 -0.032843949
0.016510035 0.012730295 0.0074362797 0.0021422646 -0.0031517505 -0.0084457657 -0.0078482821 -0.0085838913 -0.0012805642 0.0077896873 0.016859939 0.02593019 0.035000442 0.027045284 0.018505113 0.009964941 0.0014247693 -0.0066685552 -0.012056291 -0.018868512 -0.025680734 -0.032492955 -0.039305177 -0.039653325 -0.046991687 -0.041232066 -0.035472446 -0.029712825 -0.023953204 -0.017285169 -0.01019743 -0.0031096914 0.0039780473 0.011065786 0.019593751 -0.0070820192 -0.038028577 -0.068975134 -0.099921691 -0.12955982 -0.11661792 -0.10367603 -0.09073413 -0.077792233 -0.069784244 -0.066736893 -0.063735501 -0.06073411 -0.057732719 -0.056184209 -0.050194396 -0.040523223 -0.03085205
0.0048907314 -0.00043540587 -0.005729421 -0.011023436 -0.016317451 -0.011633551 0.0046061305 0.0038705213 -0.0084005148 -0.0051470906 0.0039231609 0.012993412 0.022063664 0.014108506 0.0055683347 -0.002971837 -0.010346303 -0.01462082 -0.020008556 -0.026820777 -0.033632999 -0.04044522 -0.039115503 -0.036106396 -0.05111122 -0.061066543 -0.055306922 -0.049547301 -0.043787681 -0.037119645 -0.030031907 -0.022944168 -0.013977192 0.0081694339 0.016716046 0.00075666675 -0.024030257 -0.054976814 -0.085923371 -0.1155615 -0.1026196 -0.089677706 -0.07673581 -0.069518352 -0.066039465 -0.062992114 -0.059990723 -0.056989331 -0.055936842 -0.057669142 -0.051679329 -0.042008156 -0.032336982
-0.0082749693 -0.013601107 -0.018895122 -0.024189137 -0.015418821 0.00082086119 0.017060543 0.016324934 0.0040538978 -0.0082171382 -0.0090136171 5.6634397e-05 0.0091268859 0.0011717283 -0.0073684433 -0.01402405 -0.018298568 -0.022573085 -0.027960821 -0.034773042 -0.041585264 -0.038779387 -0.035568574 -0.032559468 -0.047564291 -0.062569115 -0.075141398 -0.069381778 -0.063622157 -0.056954122 -0.049866383 -0.039001523 -0.016854897 0.005291729 0.013838341 -0.0021210382 -0.018080417 -0.040978494 -0.071925051 -0.10156318 -0.088621283 -0.075679386 -0.069252461 -0.065773574 -0.062294687 -0.059247335 -0.056245944 -0.055689474 -0.057421775 -0.059154075 -0.053164262 -0.043493089 -0.030821692
-0.02144067 -0.026766807 -0.032060822 -0.01920409 -0.0029644081 0.013275274 0.029514956 0.028779346 0.01650831 0.0042372744 -0.0080337616 -0.012880144 -0.0038098921 -0.01176505 -0.017701797 -0.021976315 -0.026250833 -0.03052535 -0.035913086 -0.041654083 -0.03844327 -0.035232458 -0.032021645 -0.029012539 -0.044017363 -0.059022186 -0.07402701 -0.089031834 -0.083456633 -0.076788598 -0.064025853 -0.041879228 -0.019732602 0.0024140241 0.010960636 -0.0049987431 -0.020958122 -0.036917502 -0.057926731 -0.087564859 -0.074622963 -0.068986569 -0.065507682 -0.062028795 -0.058549908 -0.055502556 -0.055442106 -0.057174407 -0.058906708 -0.060639008 -0.054649195 -0.041488209 -0.023957603
