mean_models/J1_mean_vp_slide_diff2_60.dat.tif
NCOLS 118
NROWS 92
XLLCORNER 139.62
YLLCORNER -39.07
DX 0.099491525
DY 0.099347826
NODATA_VALUE -9999
[rows 48 to 71 of 92, columns 0 to 53 of 118]
-9999 -0.10747537 -0.090149657 -0.072823942 -0.055498227 -0.038172512 -0.020846797 -0.020963268 -0.021190793 -0.021418319 -0.021645845 -0.02187337 -0.022100896 -0.022231046 -0.021555289 -0.022479897 -0.023404504 -0.024329112 -0.02525372 -0.025059075 -0.022282267 -0.019505458 -0.01672865 -0.013951841 -0.011175033 -0.0046883057 -0.0065223827 -0.0089889293 -0.011455476 -0.013922023 -0.016388569 -0.016173796 -0.010790292 -0.0054067891 -2.3285844e-05 0.0053602175 0.010743721 -6.3675419e-05 -0.012037309 -0.024010943 -0.035984576 -0.04795821 -0.059272763 -0.062648446 -0.068524381 -0.074400315 -0.08027625 -0.086152184 -0.092028119 -0.093110008 -0.093363356 -0.093616704 -0.093870052 -0.094123401
-9999 -0.093120936 -0.075795221 -0.058469506 -0.041143791 -0.02987301 -0.030324473 -0.030671979 -0.030899504 -0.03112703 -0.031354556 -0.032628704 -0.037853803 -0.038704461 -0.030795051 -0.027191633 -0.028116241 -0.029040849 -0.029965456 -0.029770812 -0.026994003 -0.024217195 -0.021440386 -0.017659552 -0.0063259751 0.0019925045 0.0022297665 0.0012317542 -0.0012347924 -0.0037013391 -0.0061678858 -0.0059531122 -0.00056960888 0.0048138944 0.010197398 0.011531115 -0.00098340134 -0.013275391 -0.025249024 -0.037222658 -0.049196292 -0.058111386 -0.06172533 -0.064804251 -0.067498551 -0.072828633 -0.078704567 -0.084580502 -0.090456436 -0.091538326 -0.091791674 -0.092045022 -0.09229837 -0.089637237
-9999 -0.0787665 -0.061440785 -0.04411507 -0.039130258 -0.039581721 -0.040033184 -0.04038069 -0.040608215 -0.040835741 -0.043877019 -0.049102119 -0.054327218 -0.055177876 -0.047268466 -0.039359055 -0.032827977 -0.033752585 -0.034677193 -0.034482548 -0.031705739 -0.028928931 -0.022312319 -0.010978742 0.00035483506 0.0086733146 0.0089105766 0.0091478386 0.0089858911 0.0065193444 0.0040527978 0.0042675714 0.0096510747 0.015034578 0.010833916 -0.0016806006 -0.014195117 -0.026487106 -0.03846074 -0.050434373 -0.056950009 -0.060563953 -0.064177896 -0.067256818 -0.069951118 -0.072645418 -0.077132885 -0.083008819 -0.088884754 -0.089966643 -0.090219991 -0.089890678 -0.087065119 -0.08423956
-9999 -0.064412064 -0.047936042 -0.048387505 -0.048838969 -0.049290432 -0.049741895 -0.050089401 -0.050316927 -0.055125335 -0.060350434 -0.065575533 -0.070800633 -0.071651291 -0.063741881 -0.05583247 -0.04792306 -0.040013649 -0.039388929 -0.039194284 -0.036417476 -0.026965086 -0.015631509 -0.0042979319 0.0070356452 0.015354125 0.015591387 0.015828649 0.016065911 0.016303173 0.014273481 0.014488255 0.019871758 0.010136716 -0.0023777998 -0.014892316 -0.027406832 -0.039698822 -0.051672455 -0.055788631 -0.059402575 -0.063016519 -0.066630463 -0.069709384 -0.072403685 -0.075097985 -0.077792285 -0.081437137 -0.087313071 -0.08839496 -0.08731856 -0.084493 -0.081667441 -0.078841882
-9999 -0.05719329 -0.057644753 -0.058096217 -0.05854768 -0.058999143 -0.059450606 -0.061148552 -0.066373651 -0.07159875 -0.076823849 -0.082048948 -0.087274048 -0.088124706 -0.080215296 -0.072305885 -0.064396475 -0.056487064 -0.048577654 -0.04295143 -0.031617853 -0.020284276 -0.0089506989 0.0023828782 0.013716455 0.022034935 0.022272197 0.022509459 0.022746721 0.022983983 0.023221245 0.021954033 0.0094395172 -0.003074999 -0.015589515 -0.028104031 -0.040618548 -0.05101331 -0.054627254 -0.058241198 -0.061855142 -0.065469086 -0.06908303 -0.072161951 -0.074856251 -0.077550552 -0.080244852 -0.082939152 -0.085741389 -0.084746441 -0.081920882 -0.079095323 -0.076269763 -0.073444204
-9999 -0.058989068 -0.059440531 -0.059891994 -0.060343457 -0.06079492 -0.064248614 -0.069603219 -0.074828318 -0.080053417 -0.085278516 -0.090503615 -0.09085996 -0.090497755 -0.096064613 -0.088155203 -0.080245792 -0.072336382 -0.064426971 -0.055482144 -0.044148567 -0.03281499 -0.021481413 -0.010147836 -0.0024665164 0.0019987746 0.011382786 0.011620048 0.01185731 0.012094572 0.012331834 0.0082135052 -0.0043010111 -0.016815527 -0.029330044 -0.04184456 -0.051272107 -0.056552387 -0.060166331 -0.063780275 -0.067394219 -0.071008163 -0.072471878 -0.073502445 -0.075632386 -0.078326687 -0.081020987 -0.083715287 -0.086409588 -0.084397432 -0.081571873 -0.078746313 -0.075920754 -0.072497779
-9999 -0.05946097 -0.059912433 -0.060363896 -0.060815359 -0.065894888 -0.071361703 -0.076716307 -0.081941406 -0.087166505 -0.092391605 -0.089371394 -0.084180546 -0.083818342 -0.093125774 -0.10243321 -0.095990695 -0.088081285 -0.080171874 -0.071227047 -0.05989347 -0.048559893 -0.037226316 -0.032395718 -0.030487139 -0.026021848 -0.014703928 -0.0033860081 -0.0019716919 -0.0017344299 -0.0014971679 -0.0056154962 -0.018130012 -0.030644529 -0.043159045 -0.050882546 -0.057327573 -0.062607853 -0.066221797 -0.069835741 -0.073449685 -0.074069908 -0.074427734 -0.075458301 -0.076972492 -0.078822346 -0.081516646 -0.084210947 -0.086905247 -0.084893091 -0.082067532 -0.079241973 -0.075333647 -0.07025727
-9999 -0.059932872 -0.060384335 -0.062074347 -0.067541162 -0.073007976 -0.078474791 -0.083829395 -0.089054495 -0.093073677 -0.087882829 -0.082691981 -0.077501133 -0.077138928 -0.08644636 -0.095753792 -0.10506122 -0.10382619 -0.095916777 -0.08697195 -0.075638372 -0.064304795 -0.062324919 -0.06041634 -0.058507761 -0.05404247 -0.04272455 -0.031406631 -0.020088711 -0.015563431 -0.015326169 -0.019444498 -0.031959014 -0.044047957 -0.050492984 -0.056938012 -0.063383039 -0.068663319 -0.072277263 -0.075310111 -0.075667938 -0.076025764 -0.076383591 -0.077414157 -0.078928349 -0.08044254 -0.082012306 -0.084706606 -0.087400906 -0.08538875 -0.082563191 -0.078169515 -0.073093138 -0.06801676
-9999 -0.060404774 -0.063720621 -0.069187435 -0.07465425 -0.080121065 -0.085587879 -0.090942484 -0.091585111 -0.086394263 -0.081203415 -0.076012567 -0.070821719 -0.070459515 -0.079766947 -0.089074379 -0.098381811 -0.10768924 -0.11166168 -0.10271685 -0.0941627 -0.092254121 -0.090345542 -0.088436963 -0.086528384 -0.082063093 -0.070745173 -0.059427253 -0.048109333 -0.036791413 -0.029155171 -0.033273499 -0.043658396 -0.050103423 -0.05654845 -0.062993478 -0.069438505 -0.074718785 -0.076908141 -0.077265968 -0.077623794 -0.077981621 -0.078339447 -0.079370014 -0.080884205 -0.082398396 -0.083912587 -0.085426779 -0.087896566 -0.08588441 -0.081005383 -0.075929005 -0.070852628 -0.065776251
-9999 -0.066442043 -0.071908858 -0.077375673 -0.082842487 -0.088309302 -0.093776117 -0.095008579 -0.089817731 -0.084626883 -0.079436035 -0.074245187 -0.069054339 -0.064587935 -0.073895367 -0.083202799 -0.092510231 -0.10181766 -0.1111251 -0.11704097 -0.1151324 -0.11322382 -0.11131524 -0.10940666 -0.10749808 -0.10790974 -0.096651468 -0.085333548 -0.074015628 -0.062697708 -0.051379789 -0.046129111 -0.052574138 -0.059019165 -0.065464192 -0.07190922 -0.078354247 -0.078097565 -0.078455391 -0.078813218 -0.079171044 -0.07952887 -0.079886697 -0.081987614 -0.083501805 -0.085015996 -0.086530187 -0.088044378 -0.08955857 -0.088020075 -0.082943697 -0.07786732 -0.072790943 -0.067714565
-9999 -0.078302408 -0.083769222 -0.089236037 -0.094702852 -0.099912228 -0.10330929 -0.10476047 -0.10396584 -0.099636353 -0.094445505 -0.089254657 -0.084063809 -0.079168434 -0.074864763 -0.080090342 -0.089397774 -0.098705207 -0.10801264 -0.11392852 -0.11201994 -0.11011136 -0.10820278 -0.1062942 -0.11705564 -0.12344398 -0.11453258 -0.10401845 -0.092700526 -0.081382606 -0.070064686 -0.064814008 -0.071259035 -0.077704063 -0.08414909 -0.090488673 -0.090781414 -0.087751337 -0.079967497 -0.078964889 -0.079322715 -0.079680541 -0.080038368 -0.083242735 -0.088379562 -0.089893754 -0.091407945 -0.092922136 -0.094436327 -0.098107363 -0.099154613 -0.094078236 -0.089001858 -0.083925481
-9999 -0.090162772 -0.095629586 -0.1010964 -0.10557392 -0.10897098 -0.11236805 -0.11381923 -0.1130246 -0.11222997 -0.10945497 -0.10426413 -0.099073278 -0.094177904 -0.089874232 -0.08557056 -0.086285317 -0.09559275 -0.10490018 -0.11081606 -0.10890748 -0.1069989 -0.10839653 -0.12049321 -0.13258988 -0.13897823 -0.13006683 -0.12115542 -0.11138542 -0.1000675 -0.088749584 -0.083498906 -0.089943933 -0.09638896 -0.10082615 -0.10111889 -0.10141163 -0.098381554 -0.090597715 -0.082813875 -0.079474386 -0.079832212 -0.080190039 -0.083394406 -0.088645115 -0.093895824 -0.096285702 -0.097799893 -0.099314085 -0.10298512 -0.10702892 -0.11028915 -0.10521277 -0.1001364
-9999 -0.10202314 -0.10748995 -0.11123561 -0.11463267 -0.11802974 -0.1214268 -0.12287798 -0.12208335 -0.12128873 -0.1204941 -0.1192736 -0.11408275 -0.10918737 -0.1048837 -0.10058003 -0.096276358 -0.092480293 -0.10178772 -0.1077036 -0.10579502 -0.1118341 -0.12393078 -0.13602745 -0.14812413 -0.15451248 -0.14560107 -0.13668967 -0.12777826 -0.1187524 -0.10743448 -0.1021838 -0.10862883 -0.11116363 -0.11145637 -0.11174911 -0.11204185 -0.10901177 -0.10122793 -0.093444093 -0.085660253 -0.079983883 -0.08034171 -0.083546077 -0.088796786 -0.094047495 -0.099298204 -0.10267765 -0.10419184 -0.10786288 -0.11190668 -0.11595047 -0.11999427 -0.11634731
-9999 -0.11350024 -0.1168973 -0.12029437 -0.12369143 -0.12708849 -0.13048556 -0.13193674 -0.13114211 -0.13034748 -0.12955285 -0.12875823 -0.1279636 -0.12419684 -0.11989317 -0.1155895 -0.11128583 -0.10698216 -0.10267848 -0.10459115 -0.11527167 -0.12736835 -0.13946502 -0.1515617 -0.16365838 -0.17004672 -0.16113532 -0.15222391 -0.14331251 -0.1344011 -0.1254897 -0.1208687 -0.1215011 -0.12179384 -0.12208658 -0.12237933 -0.12267207 -0.11964199 -0.11185815 -0.10407431 -0.096290471 -0.088506631 -0.080722791 -0.083697748 -0.088948457 -0.094199166 -0.099449875 -0.10470058 -0.1090696 -0.11274064 -0.11678443 -0.12082823 -0.12487203 -0.12891583
-9999 -0.11624884 -0.11964591 -0.12304297 -0.12644004 -0.1298371 -0.13244286 -0.12967498 -0.12559926 -0.12480463 -0.12401 -0.12321537 -0.12242075 -0.12285595 -0.12283626 -0.11853259 -0.11422892 -0.10992525 -0.10562157 -0.10627712 -0.1183738 -0.13047048 -0.14256715 -0.15466383 -0.16400331 -0.16403457 -0.16385186 -0.15494046 -0.14602905 -0.13711765 -0.12820624 -0.12243867 -0.12273141 -0.12302416 -0.1233169 -0.12360964 -0.12303334 -0.12574034 -0.12659163 -0.11880779 -0.11102395 -0.10324011 -0.095456274 -0.091687434 -0.095099775 -0.10035048 -0.10560119 -0.1108519 -0.11610261 -0.10542711 -0.10923669 -0.11328049 -0.11732429 -0.12136808
-9999 -0.11625348 -0.11965055 -0.12304761 -0.12644468 -0.12836397 -0.12981964 -0.12705175 -0.11940934 -0.11291225 -0.11211762 -0.111323 -0.11052837 -0.11096358 -0.1138616 -0.1162286 -0.11192493 -0.10762126 -0.10331759 -0.10397313 -0.11606981 -0.12816649 -0.14026317 -0.14502533 -0.14331026 -0.14334152 -0.14805337 -0.15208322 -0.14317181 -0.13426041 -0.125349 -0.11958143 -0.11987417 -0.12016691 -0.12045965 -0.1190536 -0.11666294 -0.11936994 -0.12936987 -0.13532558 -0.12754174 -0.1197579 -0.11197406 -0.10820522 -0.10732272 -0.10911075 -0.11436146 -0.11961217 -0.12486288 -0.11418738 -0.1007594 -0.10032951 -0.1043733 -0.1084171
-9999 -0.11625812 -0.11965518 -0.12282939 -0.12428507 -0.12574074 -0.12719642 -0.12442853 -0.11678611 -0.1091437 -0.10150128 -0.09943062 -0.098635993 -0.0990712 -0.10196922 -0.10486724 -0.10776527 -0.10531727 -0.1010136 -0.10166915 -0.11376583 -0.1258625 -0.12604735 -0.12433228 -0.12261721 -0.12264847 -0.12736032 -0.13207217 -0.13678402 -0.13140316 -0.12249176 -0.11672419 -0.11701693 -0.11730967 -0.11507386 -0.1126832 -0.11029254 -0.11299954 -0.12299946 -0.13299939 -0.14299932 -0.13627569 -0.12849185 -0.12472301 -0.12384051 -0.122958 -0.12312173 -0.12837244 -0.13362315 -0.12294765 -0.10951967 -0.096091693 -0.09142232 -0.095466118
-9999 -0.11626275 -0.11875049 -0.12020617 -0.12166184 -0.12311752 -0.12457319 -0.12180531 -0.11416289 -0.10652047 -0.098878055 -0.091235638 -0.086743617 -0.087178824 -0.090076846 -0.092974869 -0.095872891 -0.098770913 -0.098709614 -0.099365162 -0.10878443 -0.10706937 -0.1053543 -0.10363923 -0.10192416 -0.10195542 -0.10666727 -0.11137912 -0.11609097 -0.12080283 -0.11963451 -0.11386694 -0.11348479 -0.11109412 -0.10870346 -0.1063128 -0.10392213 -0.10662913 -0.11662906 -0.12662899 -0.13662892 -0.14662884 -0.14500964 -0.1412408 -0.1403583 -0.13947579 -0.13859328 -0.13771078 -0.14238342 -0.13170792 -0.11827994 -0.10485196 -0.091423983 -0.082515135
-9999 -0.11509419 -0.11654987 -0.11800554 -0.11946122 -0.12091689 -0.12237257 -0.12066722 -0.1130248 -0.10538238 -0.097739966 -0.090097549 -0.082455132 -0.076878498 -0.07977652 -0.082674542 -0.085572565 -0.088470587 -0.091368609 -0.092871702 -0.091156634 -0.089441566 -0.087726498 -0.08601143 -0.084296362 -0.083065814 -0.087777665 -0.092489516 -0.097201367 -0.10191322 -0.10662507 -0.10891093 -0.10652027 -0.10412961 -0.10173894 -0.099348281 -0.096957618 -0.10135911 -0.11135904 -0.12135896 -0.13135889 -0.14135882 -0.15135875 -0.15512456 -0.15424205 -0.15335954 -0.15247703 -0.15159453 -0.15071202 -0.13913273 -0.12570475 -0.11227677 -0.098848792 -0.085420812
-9999 -0.1149955 -0.11645118 -0.11790685 -0.11936253 -0.12102646 -0.12717144 -0.12691597 -0.11927356 -0.11163114 -0.10398872 -0.096346307 -0.086674158 -0.07965355 -0.078328986 -0.080292844 -0.083190866 -0.086088888 -0.088986911 -0.090490004 -0.088774936 -0.087059867 -0.085344799 -0.083629731 -0.082265572 -0.080924395 -0.079446693 -0.082569967 -0.087281818 -0.091993669 -0.09670552 -0.098991385 -0.096600722 -0.094210058 -0.091819395 -0.089428732 -0.094304369 -0.10156222 -0.11156215 -0.12156208 -0.131562 -0.14132605 -0.14852598 -0.15294777 -0.15502447 -0.15414196 -0.15325945 -0.15237695 -0.15149444 -0.13991515 -0.12648717 -0.11305919 -0.099631212 -0.098347962
-9999 -0.11489682 -0.11635249 -0.11780817 -0.12113022 -0.12727521 -0.1334202 -0.13316473 -0.12552232 -0.1178799 -0.10964443 -0.099779435 -0.089914443 -0.082893835 -0.081569271 -0.080244707 -0.080809167 -0.08370719 -0.086605212 -0.088108305 -0.086393237 -0.084678169 -0.083029972 -0.081739733 -0.080449494 -0.079108317 -0.077630615 -0.076152913 -0.077362269 -0.08207412 -0.086785971 -0.089071836 -0.086681172 -0.084290509 -0.083825125 -0.089166303 -0.09450748 -0.10176533 -0.11176526 -0.12176519 -0.13072556 -0.13792549 -0.14512541 -0.14954721 -0.15197183 -0.15439646 -0.15404187 -0.15315937 -0.15227686 -0.14069757 -0.12726959 -0.11384161 -0.11692617 -0.12149888
-9999 -0.11479813 -0.11625381 -0.12123399 -0.12737898 -0.13352397 -0.13966896 -0.13941349 -0.13177107 -0.1227497 -0.11288471 -0.10301972 -0.093154727 -0.086134119 -0.084809555 -0.083484992 -0.082160428 -0.081325491 -0.084223514 -0.085726607 -0.084011538 -0.082504133 -0.081213894 -0.079923655 -0.078633416 -0.077292239 -0.075814537 -0.074336835 -0.072859132 -0.072154571 -0.076866422 -0.079152286 -0.076761623 -0.078687059 -0.084028237 -0.089369414 -0.094710591 -0.10196844 -0.11196837 -0.12012507 -0.12732499 -0.13452492 -0.14172485 -0.14614664 -0.14857127 -0.15099589 -0.15342052 -0.15394178 -0.15305928 -0.14147999 -0.13093168 -0.13550439 -0.14007709 -0.14464979
-9999 -0.11519278 -0.12133776 -0.12748275 -0.13362774 -0.13977273 -0.14591772 -0.14566225 -0.13585498 -0.12598999 -0.116125 -0.10626 -0.096395012 -0.089374404 -0.08804984 -0.086725276 -0.085400712 -0.084076148 -0.082751585 -0.083344908 -0.081978294 -0.080688055 -0.079397816 -0.078107577 -0.076817337 -0.07547616 -0.073998458 -0.072520756 -0.071043054 -0.069565352 -0.06808765 -0.069232737 -0.073548993 -0.07889017 -0.084231348 -0.089572525 -0.094913702 -0.10217155 -0.10952457 -0.1167245 -0.12392443 -0.13112436 -0.13832428 -0.14274607 -0.1451707 -0.14759533 -0.15001995 -0.15244458 -0.1538417 -0.1495099 -0.1540826 -0.1586553 -0.163228 -0.1678007
-9999 -0.12208459 -0.12822957 -0.13437456 -0.14051955 -0.14666454 -0.15210854 -0.15750071 -0.15463725 -0.14477226 -0.13490727 -0.12504227 -0.11517728 -0.10644456 -0.10236715 -0.10104258 -0.099718019 -0.098393455 -0.097068892 -0.095754707 -0.094464468 -0.093174228 -0.091883989 -0.09059375 -0.088717174 -0.085631196 -0.086938588 -0.085460886 -0.083983184 -0.082505482 -0.08102778 -0.081879184 -0.087220361 -0.092561538 -0.097902716 -0.10324389 -0.10769874 -0.116909 -0.12938492 -0.13658484 -0.14378477 -0.1509847 -0.15818463 -0.15918847 -0.16018342 -0.16260804 -0.16503267 -0.16745729 -0.16988192 -0.17911677 -0.18368947 -0.18826217 -0.19283487 -0.19740758
