mean_models/J1_mean__temp2_slide_80.dat.tif
NCOLS 118
NROWS 92
XLLCORNER 139.62
YLLCORNER -39.07
DX 0.099491525
DY 0.099347826
NODATA_VALUE -9999
[rows 0 to 26 of 92, columns 0 to 59 of 118]
-9999 -9999 -9999 -9999 -9999 -9999 -9999 -9999 -9999 -9999 -9999 -9999 -9999 -9999 -9999 -9999 -9999 -9999 -9999 -9999 -9999 -9999 -9999 -9999 -9999 -9999 -9999 -9999 -9999 -9999 -9999 -9999 -9999 -9999 -9999 -9999 -9999 -9999 -9999 -9999 -9999 -9999 -9999 -9999 -9999 -9999 -9999 -9999 -9999 -9999 -9999 -9999 -9999 -9999 -9999 -9999 -9999 -9999 -9999 -9999
-9999 764.86018 766.68038 768.50059 770.32079 772.141 774.87719 774.37238 769.08843 764.4929 759.89737 755.30184 750.70631 745.5329 740.60542 737.28671 733.96801 730.6493 727.3306 723.22347 717.29742 711.37138 705.44533 699.51928 694.91678 699.02834 706.703 717.42684 728.15067 738.87451 749.59835 754.21952 747.0767 739.93389 732.79107 725.64825 718.24861 708.87165 702.30379 699.17255 696.04131 692.91007 689.77883 693.45173 700.23028 706.43855 712.64682 718.85509 725.06336 732.57593 736.71229 740.84865 744.98501 749.12137 750.8183 746.6356 746.08129 745.52698 744.97267 744.41836
-9999 774.97668 776.79689 778.61709 780.4373 783.88591 788.35455 787.84974 781.60493 775.87733 771.2818 766.68627 762.09074 756.91733 750.58669 744.91166 741.59295 738.27425 734.95554 730.84842 724.92237 718.99632 713.07028 710.83273 714.43532 718.54688 724.02262 730.50391 741.22775 751.95158 762.67542 767.29659 760.15378 753.01096 745.86814 738.2474 730.13226 720.75531 709.57315 701.34206 698.21082 695.07958 691.94834 695.62124 704.18554 711.4018 717.61007 723.81834 730.02662 737.70336 745.6339 750.23205 754.36841 758.50477 760.2017 753.44871 748.24335 747.68904 747.13473 746.58042
-9999 785.09319 786.9134 788.7336 792.89464 797.36327 801.83191 801.3271 795.0823 788.83749 782.66623 778.0707 773.47517 768.30176 761.97112 755.64047 749.30983 745.89919 742.58049 738.47336 732.54732 726.62127 726.74868 730.35126 733.95385 738.06542 743.54116 749.0169 754.49265 765.02865 775.75249 780.37366 773.23085 766.08803 758.24619 750.13105 742.01592 732.63896 721.4568 710.27464 700.38033 697.24909 694.11785 697.79075 706.35505 714.91935 722.57332 728.7816 734.98987 742.66662 750.59716 758.5277 763.75182 767.88818 769.5851 762.83211 756.07913 749.85109 749.29678 748.74247
-9999 795.2097 797.43472 801.90336 806.372 810.84063 815.30927 814.80446 808.55966 802.31485 796.07004 789.82524 784.85961 779.6862 773.35555 767.02491 760.69426 754.36361 750.20543 746.09831 740.17226 742.66462 746.26721 749.8698 753.47239 757.58395 763.0597 768.53544 774.01118 779.48693 788.82956 793.45074 786.30792 778.24498 770.12985 762.01471 753.89957 744.52262 733.34046 722.1583 710.97614 699.79398 696.28736 699.96025 708.52455 717.08886 725.65316 733.74485 739.95312 747.62987 755.56041 763.49095 771.42149 777.27158 778.9685 772.21552 765.46253 758.70954 751.95655 750.90453
-9999 806.44344 810.91208 815.38072 819.84936 824.31799 828.78663 828.28182 822.03702 815.79221 809.5474 803.3026 797.05779 791.07063 784.73998 778.40934 772.07869 765.74805 759.4174 754.97798 758.58057 762.18316 765.78575 769.38834 772.99093 777.10249 782.57823 788.05398 793.52972 799.00546 804.48121 806.35891 798.24377 790.12864 782.0135 773.89837 765.78323 756.40628 745.22411 734.04195 722.85979 711.67763 700.49547 702.12976 710.69406 719.25836 727.82266 736.38696 744.91637 752.59312 760.52366 768.4542 776.38474 784.31528 788.3519 781.59892 774.84593 768.09294 761.33996 754.58697
-9999 810.67406 815.1427 819.61134 824.07998 828.54861 832.63368 831.77636 825.53155 819.28675 813.04194 806.79714 801.0039 796.6006 793.04285 786.7122 780.38156 774.05091 767.72027 764.39328 767.99587 771.59846 775.20105 778.80363 782.90099 785.2921 782.74924 788.22498 793.70073 799.17647 804.65221 805.48576 797.37062 789.25548 781.14035 773.02521 767.63493 761.50792 750.32576 739.1436 727.96144 716.77927 706.95708 699.54403 701.2549 709.8192 718.3835 726.9478 735.5121 743.53603 751.46658 759.39712 767.32766 773.72676 773.63477 766.88178 760.12879 753.37581 746.62282 748.28951
-9999 813.43974 817.90838 822.37701 826.84565 830.73597 834.54665 833.68933 827.44453 821.19972 814.95492 809.45752 804.2122 799.8089 797.09178 794.37467 788.19622 781.86557 775.53492 772.20794 775.81053 779.41312 783.0157 787.47835 792.41048 794.80159 790.38214 785.9627 790.80653 796.28228 801.75802 802.59156 794.47643 786.36129 778.24616 774.25563 771.66211 765.5351 754.35294 743.17078 731.98862 722.65575 713.58041 706.16736 699.94931 698.5409 707.1052 715.6695 724.2338 732.25773 740.18827 748.11881 753.36041 755.19141 755.09942 748.34644 741.59345 734.84046 739.07407 745.84767
-9999 816.20541 820.67405 825.02756 828.83825 832.64894 836.45963 835.60231 829.3575 823.15647 817.91115 812.66583 807.4205 803.0172 800.30008 797.58297 794.86586 789.68023 783.34958 780.0226 783.62519 787.22777 792.05572 796.98784 801.91997 804.31108 799.89163 795.47219 791.05274 793.38808 798.86383 799.69737 791.58224 783.46987 780.87634 778.28282 775.68929 769.56228 758.38012 747.42976 738.35442 729.27908 720.20374 712.79069 706.57264 700.3546 695.8269 704.3912 712.9555 720.97943 728.90997 732.99407 734.82507 736.65607 736.56408 729.81109 723.08504 729.85863 736.63223 743.40583
-9999 818.97109 823.12985 826.94054 830.75123 834.56191 838.3726 837.51528 831.6101 826.36477 821.11945 815.87413 810.6288 806.2255 803.50838 800.79127 798.07416 795.35704 791.16424 787.83726 791.70095 796.63308 801.56521 806.49733 811.42946 813.82057 809.40112 804.98168 800.56223 796.14278 795.96964 796.80318 790.09057 787.49705 784.90352 782.31 779.71647 773.58946 763.12844 754.05309 744.97775 735.90241 726.82707 719.41402 713.19597 706.97793 700.75988 694.54183 701.67719 709.70112 712.62772 714.45872 716.28972 718.12072 718.02873 713.8696 720.6432 727.41679 734.19039 740.96398
-9999 820.39657 824.20726 828.01795 831.82864 835.63933 839.45002 838.60583 833.36051 828.11518 822.86986 817.62454 812.37921 808.64124 805.92413 803.20702 800.4899 797.77279 795.05568 794.65158 799.58371 804.51583 809.44796 814.38008 819.31221 822.27341 817.85397 813.43452 809.01507 804.59563 800.17618 796.38041 793.78688 791.19336 788.59983 786.00631 783.41278 777.85777 768.78243 759.70709 750.63175 741.5564 732.48106 724.40838 718.19033 711.97229 705.75424 699.53619 693.31815 693.96304 695.79404 697.62504 699.45604 701.28704 705.47825 712.25184 719.02544 725.79904 732.57263 739.34623
-9999 815.99795 819.80864 823.61932 827.43001 831.2407 832.63282 830.80165 825.55632 820.311 815.06568 809.82035 805.3286 802.58761 802.90201 800.42859 797.71148 794.99436 792.27725 791.87315 796.80528 801.7374 806.66953 811.60166 816.5656 819.93102 818.97287 814.96241 810.54296 806.12351 801.70406 797.90829 795.31477 792.72124 790.12772 787.53419 783.48703 777.15903 768.08368 759.00834 749.933 740.85766 729.06764 719.70746 712.50888 706.29083 700.07279 693.85474 687.63669 688.28159 690.11259 691.94359 693.77459 700.01888 709.26133 716.03493 722.80852 729.58212 736.35572 744.83451
-9999 811.59932 815.41001 819.2207 822.57458 823.70161 824.82864 822.99746 817.75214 812.50681 807.2997 803.03298 798.76626 796.02528 796.33967 796.65406 794.93305 792.21594 789.49882 789.09472 794.02685 798.95898 803.8911 808.86656 813.84512 817.21055 816.2524 815.29424 812.07085 807.6514 803.23195 799.43618 796.84265 794.24913 791.60357 787.19592 782.78828 776.46028 767.38494 758.3096 748.79135 736.85271 724.91407 715.5539 708.04735 700.60938 694.39133 688.17329 681.95524 682.60014 684.43114 686.26214 693.84677 703.80196 713.04441 719.81801 726.59161 733.51359 742.15159 750.78958
-9999 807.2007 811.01139 813.64337 814.7704 815.89742 817.02445 815.19328 809.94795 805.00408 800.73736 796.47064 792.20392 789.46294 789.77733 790.09173 790.40612 789.43751 786.72039 786.3163 791.24842 796.18898 801.16753 806.14609 811.12465 814.49008 813.53192 812.57377 811.61561 809.17929 804.75984 800.96407 798.37054 795.31246 790.90482 786.49718 782.08953 775.76153 766.68619 756.57643 744.63779 732.69915 720.76051 711.40033 703.89378 696.38723 688.88069 682.49183 676.27379 676.91868 678.74968 687.67466 697.62985 707.58504 716.8275 723.60109 730.83067 739.46866 748.10666 756.74466
-9999 802.80207 804.71216 805.83919 806.96621 808.09324 809.22027 807.38909 802.70846 798.44174 794.17502 789.9083 785.64158 782.9006 783.21499 783.52939 783.84378 784.15817 783.94197 783.53787 788.48995 793.4685 798.44706 803.42562 808.40417 811.7696 810.81145 809.85329 808.89514 807.93698 806.28773 802.49195 799.02136 794.61372 790.20607 785.79843 781.39079 775.06279 764.3615 752.42286 740.48422 728.54558 716.60694 707.24676 699.74022 692.23367 684.72712 677.22057 670.59233 671.54735 681.50255 691.45774 701.41293 711.36813 720.61058 728.14774 736.78574 745.42374 754.06173 762.69973
-9999 795.60633 796.73336 797.86039 798.98741 800.11444 801.24147 799.73802 795.4713 791.20459 786.93787 782.67115 778.40443 775.88833 776.23681 776.55121 776.8656 777.17999 777.49439 779.21915 784.19771 789.17627 794.15482 799.13338 804.11193 810.54732 810.87265 809.9145 808.95635 807.99819 807.04004 804.90365 800.49601 796.08837 791.68072 787.27308 782.86544 778.46253 766.52389 754.58525 742.64661 730.70797 718.76933 709.0249 701.51835 694.0118 686.50525 678.99871 671.49216 680.31051 690.2657 700.22089 710.17609 720.13128 726.61199 733.34888 741.98688 750.62488 759.26287 767.90087
-9999 787.2218 788.34883 789.47585 790.60288 791.39683 790.30569 788.61942 786.2463 782.39941 778.13269 773.86597 769.59925 767.08315 768.07276 768.60676 768.92116 769.23555 769.54994 771.27471 776.25327 781.23182 786.21038 791.18893 795.59042 801.8119 813.0278 816.43933 815.48117 814.52302 813.56487 811.42848 807.02084 802.61319 798.20555 793.46114 781.0483 775.62418 780.19839 771.42365 759.48501 747.54637 735.60773 725.63402 717.0796 709.57305 702.0665 694.55996 687.05341 697.85654 710.60072 720.55591 730.51111 740.4663 746.94701 741.39254 745.43615 754.07415 762.71215 771.35014
-9999 778.83727 779.96429 781.09132 781.2287 780.13756 779.04641 777.36014 774.98702 772.61391 769.32751 765.0608 760.79408 758.27798 759.26758 760.25719 760.97671 761.29111 761.6055 763.33027 768.30882 773.28738 778.13888 782.49694 786.855 793.07647 804.29237 815.50827 822.006 821.04785 820.08969 817.95331 813.54566 809.13802 802.36424 789.95141 777.53858 772.11445 776.68866 781.26287 776.32341 764.38477 752.44613 742.47242 733.91126 725.3501 717.62776 710.12121 702.61466 713.41779 727.38534 740.89093 750.84613 760.80132 767.28203 761.72756 756.17309 757.52342 766.16142 774.79941
-9999 770.45273 771.57976 771.06057 769.96942 768.87828 767.78713 766.10086 763.72775 761.35463 758.98151 756.25562 751.9889 749.4728 750.46241 751.45202 752.44163 753.34666 753.66106 755.38582 760.36438 765.0454 769.40346 773.76152 778.11958 784.34105 795.55695 806.77285 817.98875 827.57267 826.61452 824.47813 820.07049 811.26735 798.85452 786.44168 774.02885 768.60472 773.17893 777.75314 782.32735 781.22317 769.28453 759.31082 750.74966 742.1885 733.62734 725.68246 718.17591 728.97905 742.94659 756.91413 770.88168 781.13634 787.61705 782.06258 776.50811 770.95364 769.61069 778.24869
-9999 761.98358 760.89243 759.80129 758.71014 757.619 756.52785 754.84158 752.46847 750.09535 747.72223 745.34911 742.976 740.66762 741.65723 742.64684 743.63645 744.62606 745.61567 747.44138 751.95191 756.30997 760.66803 765.02609 769.38415 775.60563 786.82153 798.03743 809.25333 820.46923 831.68513 831.00296 820.17046 807.75762 795.34479 782.93196 770.51913 765.095 769.66921 774.24342 778.81762 783.39183 786.12293 776.14922 767.58806 759.0269 750.46574 741.90458 733.73716 744.5403 758.50784 772.47539 786.44293 800.41047 807.95207 802.3976 796.84313 791.28866 785.73419 781.69796
-9999 756.62567 755.53452 754.44338 753.35224 752.26109 750.12337 745.6745 743.30138 740.92826 738.55514 736.18203 733.94039 734.0047 735.10787 736.09748 737.08709 738.0767 739.06631 741.07449 745.43255 749.79061 754.14867 758.50673 762.86479 770.21703 777.49812 788.71401 799.92991 811.14581 822.36171 825.50681 813.09398 800.68114 788.26831 775.85548 764.53993 764.24401 768.81822 773.39243 777.96664 782.54085 786.18815 785.5734 777.72431 769.16315 760.60199 752.04083 743.47967 754.1274 768.09494 782.06249 796.03003 809.99758 818.02783 812.47336 806.91889 801.36442 795.80995 794.22916
-9999 755.71928 754.62813 753.53699 752.44585 748.78188 742.53446 738.08559 735.71247 733.33936 730.96624 729.26666 728.72484 728.78916 730.06729 731.24973 732.23934 733.22895 734.21856 736.22674 740.5848 744.94286 749.30092 754.99149 764.22862 771.58888 773.91867 778.94707 790.16297 801.37886 812.59476 815.73986 803.32703 790.91419 778.50136 769.39455 765.69448 765.39856 769.97277 774.54698 779.12119 782.01095 783.32355 782.7088 780.70849 774.24384 765.68268 757.12152 748.56036 759.20809 773.17563 787.14318 800.8986 812.56008 820.36482 814.81036 809.25589 803.70142 804.87682 813.84634
-9999 754.81289 753.72174 752.6306 747.44039 741.19297 734.94556 730.49669 728.12357 725.75045 724.59293 724.05111 723.50929 723.57361 724.85174 726.12987 727.39159 728.3812 729.37081 731.37899 735.73705 740.09511 747.12622 756.36334 765.60047 772.96072 775.29051 777.6203 780.39602 791.61192 802.82781 805.97291 793.56008 781.14725 774.24917 770.5491 766.84903 766.55311 771.12732 775.70153 777.83375 779.14635 780.45895 779.8442 777.84389 775.84359 770.76337 762.20221 753.64105 764.28878 778.25632 791.57413 803.2356 814.89707 822.70182 817.14735 811.59288 815.52448 824.494 833.46352
-9999 753.9065 752.34631 746.0989 739.85148 733.60407 727.35665 722.90778 720.53466 719.91921 719.37738 718.83556 718.29374 718.35806 719.63619 720.91433 722.19246 723.47059 724.52306 726.53123 730.88929 739.26094 748.49806 757.73519 766.97231 774.33257 776.66236 778.99215 781.32193 783.65172 793.06087 796.20596 783.79313 779.10379 775.40372 771.70365 768.00357 767.70766 772.28187 773.65654 774.96915 776.28175 777.59435 776.9796 774.97929 772.97899 770.97869 767.2829 758.72174 769.36947 782.24966 793.91113 805.5726 817.23407 825.03882 819.48435 826.17215 835.14166 844.11118 853.0807
-9999 751.00482 744.75741 738.50999 732.26258 726.01516 719.76774 715.7873 715.24548 714.70366 714.16183 713.62001 713.07819 713.14251 714.42064 715.69878 716.97691 718.25504 719.53318 722.15853 731.39566 740.63278 749.86991 759.10703 768.34416 775.70442 778.0342 780.36399 782.69378 785.02357 787.35336 787.65849 783.95842 780.25834 776.55827 772.8582 769.15812 768.16674 769.47934 770.79194 772.10455 773.41715 774.72975 774.115 772.11469 770.11439 768.11409 766.11378 763.80243 772.92518 784.58665 796.24813 807.9096 819.57107 827.85029 836.81981 845.78933 854.75884 863.72836 872.69788
-9999 751.09053 744.84311 738.5957 732.34828 726.10087 717.3708 709.04077 705.38287 704.84105 704.29923 703.75741 703.21559 703.92262 706.62241 707.90054 709.17868 710.45681 711.73495 715.41976 724.65689 733.89401 743.13114 752.36826 760.30461 770.05413 787.21015 789.53994 791.86973 794.19951 796.5293 796.79949 793.09941 789.39934 785.69927 781.99919 779.47809 777.33997 775.62859 776.94119 778.25379 779.5664 780.879 784.46054 785.59408 783.59377 781.59347 779.59317 777.59286 773.49073 782.80129 794.46277 806.12424 817.78571 827.53017 831.95756 840.92707 849.89659 858.86611 867.83562
-9999 752.64712 746.3997 740.15229 733.90487 723.84303 713.09631 704.76628 699.22542 694.08781 693.54599 693.00417 692.46235 693.16938 696.37732 699.58526 700.88546 702.16359 703.44173 707.12654 716.36367 725.60079 734.83792 741.72759 747.15519 756.9047 778.23805 799.57139 802.54137 804.87116 807.20095 807.47113 803.77106 800.07099 796.37092 794.49489 793.33943 791.20132 787.65736 784.81799 786.1306 787.4432 788.7558 792.33734 797.55 800.20558 798.20527 796.20497 794.20467 790.10253 785.63714 791.88733 803.54881 815.21028 824.95473 828.05887 831.37319 840.34271 849.31223 858.28174
